desc: I1 cache:         32768 B, 64 B, 2-way associative
desc: D1 cache:         32768 B, 64 B, 8-way associative
desc: LL cache:         2097152 B, 64 B, 16-way associative
cmd: ./cachegrind_example
events: Ir I1mr ILmr Dr D1mr DLmr Dw D1mw DLmw 
fl=/build/eglibc-oD_LfC/eglibc-2.19/csu/../sysdeps/x86_64/multiarch/init-arch.c
fn=__init_cpu_features
31 9 1 1 0 0 0 4 0 0
37 3 0 0 0 0 0 0 0 0
38 4 0 0 0 0 0 1 0 0
39 3 0 0 0 0 0 1 0 0
45 7 1 1 0 0 0 5 0 0
54 5 0 0 0 0 0 1 0 0
57 6 1 1 0 0 0 0 0 0
59 2 0 0 0 0 0 0 0 0
65 3 1 1 0 0 0 0 0 0
66 2 0 0 0 0 0 0 0 0
71 2 0 0 0 0 0 0 0 0
74 5 0 0 2 0 0 0 0 0
101 2 1 1 0 0 0 0 0 0
152 2 0 0 1 0 0 0 0 0
153 9 1 1 0 0 0 4 1 1
160 3 0 0 1 0 0 0 0 0
184 6 2 2 1 0 0 0 0 0
185 4 0 0 2 0 0 0 0 0
186 2 0 0 1 0 0 0 0 0
189 1 0 0 0 0 0 1 0 0
190 2 0 0 1 0 0 1 0 0
192 1 0 0 0 0 0 1 0 0
193 6 0 0 5 0 0 0 0 0
fl=/build/eglibc-oD_LfC/eglibc-2.19/csu/init-first.c
fn=_init
52 10 1 1 3 0 0 5 0 0
58 4 0 0 1 1 0 1 1 1
65 5 2 2 4 0 0 0 0 0
70 1 0 0 0 0 0 1 0 0
71 1 0 0 0 0 0 1 1 1
72 2 0 0 1 1 0 1 1 1
86 4 0 0 0 0 0 4 0 0
94 1 0 0 0 0 0 0 0 0
99 5 0 0 4 0 0 0 0 0
fl=/build/eglibc-oD_LfC/eglibc-2.19/csu/libc-start.c
fn=(below main)
133 9 1 1 2 0 0 5 0 0
137 7 2 2 1 0 0 1 0 0
219 2 0 0 0 0 0 0 0 0
220 4 1 1 0 0 0 4 0 0
242 4 0 0 2 0 0 0 0 0
245 2 0 0 0 0 0 0 0 0
246 8 1 1 4 0 0 4 0 0
250 4 0 0 2 0 0 0 0 0
265 2 0 0 0 0 0 0 0 0
274 3 0 0 0 0 0 2 0 0
275 2 0 0 0 0 0 0 0 0
280 2 0 0 1 1 0 1 0 0
281 2 0 0 1 1 0 1 0 0
284 2 0 0 0 0 0 1 0 0
287 8 0 0 5 0 0 4 0 0
321 2 0 0 0 0 0 2 1 1
fl=/build/eglibc-oD_LfC/eglibc-2.19/ctype/ctype-info.c
fn=__ctype_init
29 4 1 1 0 0 0 3 0 0
31 8 0 0 6 1 0 1 0 0
33 4 1 1 2 0 0 1 0 0
35 4 0 0 2 0 0 1 0 0
36 3 0 0 3 0 0 0 0 0
fl=/build/eglibc-oD_LfC/eglibc-2.19/elf/../elf/dl-sysdep.c
fn=_dl_sysdep_start
86 8 2 2 1 0 0 5 1 1
87 20 2 2 8 0 0 11 0 0
88 2 0 0 0 0 0 0 0 0
107 1 0 0 0 0 0 0 0 0
110 1 0 0 0 0 0 1 0 0
111 216 0 0 53 3 3 4 2 2
114 2 1 1 0 0 0 1 0 0
115 1 0 0 0 0 0 1 0 0
117 91 1 1 27 0 0 4 0 0
118 108 0 0 17 2 2 0 0 0
121 1 0 0 1 0 0 0 0 0
122 1 0 0 0 0 0 0 0 0
124 1 0 0 1 0 0 0 0 0
125 1 0 0 0 0 0 0 0 0
127 2 0 0 1 0 0 1 0 0
128 1 0 0 0 0 0 0 0 0
130 2 0 0 1 1 1 1 0 0
131 1 0 0 0 0 0 0 0 0
151 2 0 0 1 0 0 1 0 0
152 1 0 0 0 0 0 0 0 0
154 1 0 0 1 1 1 0 0 0
155 1 0 0 0 0 0 0 0 0
157 4 1 1 1 1 1 2 0 0
158 1 1 1 0 0 0 0 0 0
163 2 0 0 1 0 0 1 0 0
164 1 0 0 0 0 0 0 0 0
179 2 1 1 1 0 0 1 0 0
180 1 0 0 0 0 0 0 0 0
212 18 1 1 7 0 0 9 0 0
232 4 1 1 0 0 0 3 0 0
234 5 1 1 0 0 0 2 0 0
246 3 0 0 1 0 0 0 0 0
249 7 0 0 2 0 0 5 0 0
250 1 0 0 1 1 0 0 0 0
251 6 1 0 5 1 0 0 0 0
fn=_dl_sysdep_start_cleanup
256 1 1 1 1 0 0 0 0 0
fl=/build/eglibc-oD_LfC/eglibc-2.19/elf/../misc/sbrk.c
fn=sbrk
34 7 1 1 1 0 0 4 0 0
42 6 1 1 2 1 1 0 0 0
46 2 0 0 0 0 0 0 0 0
57 6 0 0 4 0 0 0 0 0
fl=/build/eglibc-oD_LfC/eglibc-2.19/elf/../string/bits/string2.h
fn=handle_ld_preload
961 359 1 1 45 0 0 0 0 0
962 94 0 0 1 0 0 0 0 0
963 89 0 0 0 0 0 0 0 0
fl=/build/eglibc-oD_LfC/eglibc-2.19/elf/../sysdeps/i386/dl-machine.h
fn=_dl_fixup
274 14 1 1 7 0 0 7 0 0
fn=_dl_relocate_object
103 28 0 0 12 0 0 0 0 0
109 6 1 1 6 2 0 0 0 0
113 9 0 0 3 3 2 0 0 0
118 6 0 0 3 0 0 3 0 0
126 9 0 0 3 0 0 0 0 0
139 9 0 0 0 0 0 3 0 0
308 109 0 0 0 0 0 0 0 0
311 223 1 1 0 0 0 5 0 0
328 218 0 0 0 0 0 0 0 0
337 5666 7 7 1614 96 88 1105 1 0
338 405 0 0 206 0 0 5 0 0
340 12 0 0 0 0 0 0 0 0
341 412 2 2 103 0 0 0 0 0
347 545 0 0 109 4 4 0 0 0
357 266 1 1 92 0 0 87 2 0
370 6 0 0 0 0 0 0 0 0
371 12 0 0 6 0 0 3 0 0
401 6 0 0 0 0 0 3 0 0
438 30 1 1 10 0 0 0 0 0
440 40 1 1 10 0 0 0 0 0
441 70 0 0 30 6 6 10 0 0
448 27 1 1 18 4 4 0 0 0
465 11 0 0 0 0 0 4 0 0
502 16 1 1 0 0 0 4 0 0
511 8 1 1 8 0 0 0 0 0
610 8 0 0 0 0 0 4 0 0
639 2518 1 1 1260 156 156 0 0 0
640 1256 0 0 1256 130 129 0 0 0
660 60 0 0 40 0 0 0 0 0
661 40 0 0 20 1 1 0 0 0
663 40 0 0 0 0 0 0 0 0
665 64 0 0 32 0 0 0 0 0
666 16 0 0 16 1 0 0 0 0
671 8 1 1 0 0 0 0 0 0
718 8 1 1 0 0 0 0 0 0
720 12 1 1 12 0 0 0 0 0
721 12 0 0 4 0 0 0 0 0
722 4 0 0 0 0 0 4 0 0
723 8 0 0 0 0 0 4 0 0
fn=_dl_start
59 3 0 0 1 1 1 0 0 0
308 10 0 0 0 0 0 0 0 0
338 30 0 0 30 6 6 0 0 0
341 40 0 0 10 0 0 0 0 0
347 60 0 0 10 1 1 0 0 0
357 30 1 1 10 0 0 10 0 0
409 2 1 1 0 0 0 1 0 0
639 22 0 0 11 1 1 0 0 0
640 11 0 0 11 2 2 0 0 0
fn=_dl_sysdep_start
264 5 0 0 2 1 1 0 0 0
fl=/build/eglibc-oD_LfC/eglibc-2.19/elf/../sysdeps/i386/dl-procinfo.h
fn=_dl_load_cache_lookup
100 4 0 0 0 0 0 0 0 0
101 12 0 0 0 0 0 0 0 0
103 20 1 1 0 0 0 12 0 0
104 1 1 1 0 0 0 0 0 0
fl=/build/eglibc-oD_LfC/eglibc-2.19/elf/../sysdeps/i386/dl-tlsdesc.S
fn=???
130 1040 1 1 1040 0 0 0 0 0
fl=/build/eglibc-oD_LfC/eglibc-2.19/elf/../sysdeps/i386/dl-trampoline.S
fn=_dl_runtime_resolve
28 7 1 1 0 0 0 7 0 0
30 7 0 0 0 0 0 7 0 0
32 7 0 0 0 0 0 7 0 0
34 7 0 0 7 0 0 0 0 0
35 7 0 0 7 0 0 0 0 0
36 7 0 0 0 0 0 7 0 0
37 7 0 0 7 0 0 0 0 0
39 7 0 0 7 0 0 0 0 0
40 7 0 0 0 0 0 7 0 0
41 7 0 0 7 0 0 0 0 0
42 7 0 0 7 0 0 0 0 0
fl=/build/eglibc-oD_LfC/eglibc-2.19/elf/../sysdeps/unix/sysv/linux/dl-osinfo.h
fn=security_init
61 2 0 0 0 0 0 0 0 0
84 2 1 1 1 0 0 1 0 0
86 1 1 1 1 0 0 0 0 0
93 1 0 0 1 0 0 0 0 0
101 2 0 0 0 0 0 0 0 0
112 1 0 0 1 0 0 0 0 0
fl=/build/eglibc-oD_LfC/eglibc-2.19/elf/../sysdeps/unix/sysv/linux/dl-sysdep.c
fn=_dl_discover_osversion
45 7 1 1 0 0 0 5 0 0
47 4 1 1 1 0 0 1 1 1
87 6 1 1 0 0 0 2 0 0
102 1 0 0 0 0 0 0 0 0
106 1 0 0 0 0 0 0 0 0
107 1 0 0 0 0 0 0 0 0
109 12 0 0 3 1 1 0 0 0
111 6 0 0 0 0 0 0 0 0
113 17 1 1 4 1 1 0 0 0
115 1 0 0 0 0 0 0 0 0
116 2 0 0 0 0 0 0 0 0
119 3 0 0 0 0 0 0 0 0
120 3 0 0 0 0 0 0 0 0
121 3 0 0 0 0 0 0 0 0
123 13 0 0 0 0 0 0 0 0
128 2 1 1 0 0 0 0 0 0
131 1 0 0 0 0 0 0 0 0
132 6 0 0 5 0 0 0 0 0
fn=_dl_sysdep_start
35 2 1 1 0 0 0 2 0 0
fl=/build/eglibc-oD_LfC/eglibc-2.19/elf/../sysdeps/unix/sysv/linux/i386/brk.c
fn=brk
33 4 1 1 1 0 0 2 0 0
37 5 0 0 0 0 0 0 0 0
39 1 0 0 0 0 0 1 0 0
41 2 0 0 0 0 0 0 0 0
47 1 0 0 0 0 0 0 0 0
48 2 0 0 2 0 0 0 0 0
fl=/build/eglibc-oD_LfC/eglibc-2.19/elf/dl-addr.c
fn=_dl_addr
30 2 0 0 1 0 0 1 0 0
31 2 0 0 1 0 0 1 0 0
34 2 1 1 1 0 0 0 0 0
38 1 0 0 0 0 0 0 0 0
39 4 0 0 3 0 0 1 0 0
40 3 0 0 2 0 0 1 0 0
42 3 0 0 2 0 0 1 0 0
45 3 0 0 1 1 0 0 0 0
50 3042 1 1 2024 0 0 3 0 0
52 2022 0 0 2022 53 22 0 0 0
53 2022 0 0 0 0 0 0 0 0
55 3644 1 1 2733 0 0 0 0 0
61 13180 0 0 2384 583 507 911 0 0
63 11920 0 0 2384 0 0 0 0 0
64 19726 1 1 10924 0 0 0 0 0
71 12931 1 1 8163 135 90 0 0 0
99 3 0 0 1 0 0 0 0 0
100 2 0 0 1 0 0 1 1 0
101 3 1 1 1 0 0 0 0 0
104 3 0 0 1 0 0 0 0 0
116 2 1 1 1 0 0 1 0 0
117 2 0 0 0 0 0 1 0 0
126 12 2 2 0 0 0 8 0 0
131 5 0 0 3 1 0 2 0 0
133 4 0 0 0 0 0 2 0 0
135 2 0 0 0 0 0 0 0 0
138 1 0 0 0 0 0 0 0 0
141 5 1 1 3 2 0 2 0 0
144 7 0 0 5 0 0 0 0 0
fl=/build/eglibc-oD_LfC/eglibc-2.19/elf/dl-altinit.c
fn=dlinit_alt
33 4 0 0 3 0 0 0 0 0
41 3 1 1 0 0 0 2 0 0
43 2 0 0 2 0 0 0 0 0
fl=/build/eglibc-oD_LfC/eglibc-2.19/elf/dl-cache.c
fn=_dl_cache_libcmp
138 42 1 1 0 0 0 28 0 0
139 145 1 1 37 0 0 0 0 0
141 105 0 0 0 0 0 0 0 0
143 41 0 0 36 0 0 0 0 0
149 5 0 0 0 0 0 0 0 0
150 5 1 1 1 0 0 1 0 0
151 4 0 0 1 0 0 0 0 0
153 8 1 1 3 0 0 1 0 0
155 2 0 0 0 0 0 0 0 0
161 170 1 1 34 7 7 0 0 0
163 136 0 0 0 0 0 0 0 0
164 24 1 1 0 0 0 0 0 0
167 28 0 0 0 0 0 0 0 0
168 28 0 0 28 0 0 0 0 0
171 2 0 0 1 0 0 0 0 0
172 35 0 0 28 0 0 0 0 0
fn=_dl_load_cache_lookup
182 8 1 1 0 0 0 6 0 0
190 2 0 0 1 0 0 0 0 0
193 3 0 0 1 0 0 0 0 0
196 5 1 1 0 0 0 1 0 0
204 5 0 0 1 0 0 0 0 0
205 7 1 1 0 0 0 4 0 0
209 1 0 0 0 0 0 1 0 0
212 3 0 0 1 0 0 0 0 0
215 2 0 0 0 0 0 1 0 0
216 3 0 0 0 0 0 0 0 0
217 7 1 1 0 0 0 4 0 0
219 2 0 0 0 0 0 0 0 0
244 4 1 1 1 0 0 1 0 0
253 3 0 0 0 0 0 1 0 0
255 1 0 0 1 0 0 0 0 0
257 10 0 0 0 0 0 2 0 0
259 5 0 0 0 0 0 4 0 0
263 17 1 1 8 0 0 7 0 0
264 1 0 0 0 0 0 0 0 0
278 187 9 9 55 7 7 12 0 0
294 2 0 0 1 0 0 0 0 0
299 7 0 0 5 0 0 0 0 0
fn=_dl_unload_cache
308 4 1 1 0 0 0 2 0 0
309 4 1 0 1 0 0 0 0 0
311 4 0 0 1 0 0 3 0 0
312 1 0 0 0 0 0 1 0 0
314 3 0 0 2 0 0 0 0 0
fl=/build/eglibc-oD_LfC/eglibc-2.19/elf/dl-debug.c
fn=_dl_debug_initialize
47 16 1 1 0 0 0 8 0 0
50 8 0 0 0 0 0 0 0 0
51 4 1 1 4 0 0 0 0 0
55 14 0 0 4 0 0 0 0 0
58 1 0 0 0 0 0 1 0 0
59 2 0 0 0 0 0 1 0 0
60 3 0 0 1 0 0 1 0 0
61 2 0 0 0 0 0 1 0 0
65 8 0 0 8 0 0 0 0 0
fn=_dl_debug_state
74 2 0 0 2 0 0 0 0 0
fl=/build/eglibc-oD_LfC/eglibc-2.19/elf/dl-deps.c
fn=_dl_map_object_deps
147 11 2 2 0 0 0 7 0 0
148 9 0 0 0 0 0 2 0 0
160 2 0 0 0 0 0 2 0 0
161 3 0 0 1 0 0 2 0 0
162 7 1 1 1 0 0 3 0 0
168 9 0 0 2 0 0 2 0 0
178 12 0 0 4 0 0 3 0 0
179 3 1 1 3 0 0 0 0 0
182 3 0 0 0 0 0 2 0 0
188 1 1 1 0 0 0 1 0 0
189 1 0 0 0 0 0 1 0 0
201 2 0 0 1 0 0 1 0 0
202 17 0 0 6 0 0 7 0 0
203 1 0 0 0 0 0 1 0 0
204 2 0 0 0 0 0 2 0 0
209 4 0 0 0 0 0 4 0 0
210 4 0 0 0 0 0 4 0 0
213 8 0 0 4 0 0 4 0 0
217 28 1 1 12 0 0 0 0 0
218 19 0 0 9 0 0 0 0 0
220 2 0 0 0 0 0 0 0 0
222 6 1 1 2 0 0 2 0 0
224 30 0 0 2 0 0 6 0 0
229 28 0 0 12 0 0 0 0 0
231 8 1 1 6 0 0 2 0 0
236 2 0 0 0 0 0 2 0 0
237 4 0 0 0 0 0 2 0 0
238 4 0 0 2 0 0 2 0 0
239 4 0 0 2 0 0 2 0 0
242 206 0 0 54 1 0 2 0 0
243 96 1 1 0 0 0 0 0 0
249 14 0 0 4 0 0 6 0 0
251 2 0 0 0 0 0 2 0 0
254 18 1 1 2 0 0 6 0 0
256 6 0 0 2 0 0 0 0 0
271 2 0 0 2 0 0 0 0 0
273 4 0 0 2 0 0 0 0 0
278 6 1 1 0 0 0 0 0 0
281 2 0 0 0 0 0 2 0 0
282 2 0 0 0 0 0 2 0 0
283 2 0 0 0 0 0 2 0 0
284 4 0 0 2 0 0 2 0 0
286 8 0 0 2 0 0 2 0 0
288 10 0 0 2 0 0 4 0 0
292 6 0 0 2 0 0 0 0 0
293 4 0 0 1 0 0 2 0 0
295 138 1 1 0 0 0 0 0 0
343 2 0 0 0 0 0 1 0 0
471 12 1 1 4 0 0 0 0 0
473 6 0 0 2 0 0 2 1 1
475 6 1 1 0 0 0 4 0 0
476 2 0 0 0 0 0 0 0 0
477 4 0 0 0 0 0 0 0 0
480 4 0 0 2 0 0 2 1 1
481 16 0 0 2 0 0 10 0 0
482 12 0 0 2 0 0 8 0 0
485 4 0 0 2 0 0 2 0 0
486 2 0 0 2 0 0 0 0 0
490 24 1 1 12 0 0 0 0 0
492 4 0 0 4 0 0 0 0 0
493 17 0 0 3 0 0 0 0 0
497 6 1 1 2 0 0 0 0 0
498 2 0 0 1 0 0 1 0 0
501 5 0 0 2 0 0 1 0 0
511 3 0 0 0 0 0 3 0 0
512 2 1 1 1 0 0 0 0 0
514 2 0 0 0 0 0 0 0 0
519 5 1 1 3 0 0 1 0 0
520 1 0 0 0 0 0 1 0 0
522 14 0 0 5 0 0 0 0 0
524 16 0 0 8 0 0 0 0 0
528 16 0 0 8 0 0 4 1 1
532 4 0 0 4 0 0 0 0 0
535 3 1 1 1 0 0 1 0 0
586 6 0 0 3 0 0 1 0 0
587 1 0 0 0 0 0 1 0 0
588 4 0 0 2 0 0 0 0 0
623 9 1 1 2 0 0 5 0 0
625 3 1 1 0 0 0 0 0 0
629 13 0 0 6 0 0 3 0 0
630 9 1 1 1 0 0 2 0 0
631 8 1 1 1 0 0 5 0 0
635 6 0 0 3 0 0 3 0 0
636 21 1 1 6 0 0 6 0 0
642 21 0 0 8 0 0 0 0 0
644 6 0 0 6 0 0 0 0 0
645 8 0 0 0 0 0 0 0 0
647 9 0 0 3 0 0 0 0 0
648 6 0 0 0 0 0 0 0 0
658 1 1 1 1 0 0 0 0 0
670 6 0 0 0 0 0 0 0 0
673 12 1 1 6 0 0 3 0 0
676 28 0 0 6 0 0 10 0 0
683 3 0 0 2 0 0 1 0 0
685 2 0 0 1 0 0 1 0 0
686 1 1 1 1 0 0 0 0 0
687 3 0 0 1 0 0 0 0 0
694 3 0 0 1 0 0 0 0 0
697 3 1 1 1 0 0 0 0 0
700 6 0 0 5 0 0 0 0 0
fn=openaux
60 12 1 1 2 0 0 6 0 0
63 36 1 1 12 0 0 14 1 1
64 4 0 0 2 0 0 0 0 0
67 2 0 0 2 0 0 0 0 0
68 10 0 0 8 0 0 0 0 0
fl=/build/eglibc-oD_LfC/eglibc-2.19/elf/dl-environ.c
fn=_dl_next_ld_env_entry
30 3 1 1 3 0 0 0 0 0
31 1 0 0 0 0 0 0 0 0
33 156 0 0 52 0 0 0 0 0
35 102 0 0 51 24 24 0 0 0
36 16 0 0 8 0 0 0 0 0
38 2 0 0 0 0 0 0 0 0
41 4 0 0 0 0 0 2 0 0
43 2 0 0 0 0 0 0 0 0
46 49 0 0 0 0 0 0 0 0
50 6 0 0 3 0 0 0 0 0
fl=/build/eglibc-oD_LfC/eglibc-2.19/elf/dl-error.c
fn=_dl_catch_error
163 15 2 2 0 0 0 9 0 0
175 6 0 0 0 0 0 6 3 3
176 6 0 0 0 0 0 6 0 0
177 6 0 0 0 0 0 6 0 0
178 6 0 0 0 0 0 3 0 0
180 9 0 0 3 0 0 6 0 0
181 6 0 0 3 0 0 3 0 0
182 6 0 0 0 0 0 3 0 0
185 21 1 1 0 0 0 9 0 0
187 9 0 0 6 0 0 6 0 0
188 9 0 0 6 0 0 3 0 0
189 6 0 0 3 0 0 3 0 0
190 6 1 1 3 0 0 3 0 0
191 6 0 0 3 0 0 3 0 0
199 15 0 0 9 0 0 0 0 0
fn=_dl_receive_error
205 10 1 1 0 0 0 6 0 0
206 2 0 0 1 0 0 1 0 0
210 2 0 0 1 0 0 1 0 0
211 2 0 0 1 0 0 1 0 0
214 1 0 0 0 0 0 1 0 0
215 1 0 0 0 0 0 1 0 0
217 3 0 0 1 0 0 2 0 0
219 2 1 1 1 0 0 1 0 0
220 2 0 0 1 0 0 1 0 0
221 6 0 0 5 0 0 0 0 0
fl=/build/eglibc-oD_LfC/eglibc-2.19/elf/dl-fini.c
fn=_dl_fini
131 10 1 1 0 0 0 6 0 0
143 3 0 0 0 0 0 2 0 0
144 1 0 0 0 0 0 1 0 0
150 1 0 0 0 0 0 1 0 0
153 16 1 1 4 1 1 5 0 0
156 4 1 1 3 1 1 2 0 0
159 2 0 0 2 1 1 0 0 0
162 2 0 0 0 0 0 0 0 0
164 6 1 1 3 0 0 0 0 0
171 3 0 0 1 0 0 1 0 0
175 3 0 0 1 0 0 0 0 0
177 3 0 0 1 0 0 0 0 0
180 7 0 0 0 0 0 2 0 0
183 3 1 1 1 0 0 0 0 0
191 12 0 0 4 0 0 0 0 0
193 8 0 0 4 0 0 0 0 0
195 8 0 0 0 0 0 0 0 0
197 4 0 0 0 0 0 4 0 0
198 4 0 0 0 0 0 4 2 2
199 4 0 0 0 0 0 0 0 0
203 4 0 0 4 0 0 0 0 0
205 3 1 1 0 0 0 1 0 0
210 8 0 0 3 0 0 2 0 0
219 3 0 0 2 0 0 2 0 0
223 21 0 0 13 0 0 1 0 0
225 12 1 1 12 0 0 0 0 0
227 12 0 0 4 0 0 0 0 0
230 8 0 0 0 0 0 4 0 0
233 12 0 0 4 3 3 0 0 0
234 6 1 1 2 0 0 0 0 0
237 4 0 0 2 0 0 0 0 0
239 3 0 0 0 0 0 1 0 0
244 4 0 0 0 0 0 0 0 0
248 6 0 0 4 0 0 0 0 0
249 6 1 1 4 0 0 0 0 0
251 18 0 0 2 0 0 2 0 0
252 2 0 0 2 2 2 2 0 0
256 6 0 0 2 0 0 0 0 0
257 6 0 0 4 0 0 2 0 0
262 28 1 1 8 1 1 0 0 0
278 4 0 0 4 0 0 0 0 0
283 6 0 0 2 0 0 0 0 0
289 2 1 1 1 0 0 0 0 0
296 6 0 0 5 0 0 0 0 0
fn=_dl_sort_fini
32 13 2 2 0 0 0 9 0 0
34 2 0 0 0 0 0 0 0 0
39 5 0 0 1 0 0 1 0 0
40 6 0 0 0 0 0 1 0 0
41 10 1 1 2 0 0 6 0 0
45 12 0 0 3 0 0 6 0 0
46 24 1 1 6 0 0 6 0 0
50 15 0 0 6 0 0 0 0 0
56 9 0 0 3 0 0 4 0 0
57 21 0 0 11 0 0 0 0 0
59 6 0 0 6 0 0 0 0 0
60 8 1 1 0 0 0 0 0 0
62 9 0 0 3 0 0 0 0 0
63 6 0 0 0 0 0 0 0 0
93 9 0 0 3 0 0 0 0 0
114 6 0 0 3 0 0 0 0 0
118 13 1 1 6 0 0 3 0 0
121 35 1 1 12 0 0 10 0 0
125 6 0 0 5 0 0 0 0 0
fl=/build/eglibc-oD_LfC/eglibc-2.19/elf/dl-hwcaps.c
fn=_dl_important_hwcaps
39 12 1 1 0 0 0 8 0 0
41 6 1 1 4 0 0 2 0 0
42 5 0 0 0 0 0 2 0 0
51 549 1 1 137 0 0 81 0 0
52 216 1 1 54 0 0 0 0 0
53 54 0 0 27 0 0 0 0 0
61 4 0 0 1 0 0 1 0 0
92 2 1 1 0 0 0 0 0 0
113 3 1 1 1 0 0 1 0 0
115 8 1 1 1 0 0 4 0 0
130 6 0 0 0 0 0 1 0 0
131 2 0 0 0 0 0 0 0 0
133 2 0 0 0 0 0 0 0 0
145 2 1 1 0 0 0 0 0 0
162 116 2 2 30 0 0 1 0 0
163 270 1 1 27 0 0 0 0 0
165 22 0 0 10 0 0 7 0 0
166 8 0 0 2 0 0 6 0 0
167 24 0 0 2 0 0 0 0 0
168 2 0 0 2 0 0 0 0 0
170 2 1 1 1 0 0 0 0 0
172 3 0 0 2 0 0 1 0 0
173 6 0 0 2 0 0 1 0 0
177 3 0 0 1 0 0 1 0 0
178 1 0 0 0 0 0 1 0 0
181 2 0 0 1 0 0 0 0 0
184 2 0 0 1 0 0 0 0 0
185 1 1 1 1 0 0 0 0 0
188 8 0 0 3 0 0 3 0 0
189 2 0 0 1 0 0 0 0 0
191 1 0 0 0 0 0 0 0 0
192 12 0 0 3 0 0 0 0 0
193 4 1 1 2 0 0 0 0 0
194 2 0 0 1 0 0 0 0 0
195 2 0 0 1 0 0 0 0 0
196 3 0 0 0 0 0 0 0 0
197 3 0 0 1 0 0 0 0 0
201 4 0 0 1 0 0 0 0 0
207 7 1 1 2 0 0 2 0 0
208 5 0 0 0 0 0 3 0 0
209 2 0 0 0 0 0 0 0 0
238 5 0 0 1 0 0 2 0 0
241 3 1 1 2 0 0 0 0 0
248 12 0 0 4 0 0 3 0 0
251 8 0 0 0 0 0 4 0 0
254 36 1 1 12 0 0 20 0 0
257 36 0 0 8 0 0 4 0 0
258 40 0 0 0 0 0 0 0 0
259 52 1 1 16 0 0 28 0 0
262 40 1 1 12 0 0 24 0 0
264 12 0 0 4 0 0 0 0 0
269 45 0 0 4 0 0 0 0 0
270 32 0 0 0 0 0 16 1 1
274 16 0 0 0 0 0 4 0 0
277 152 2 2 8 0 0 0 0 0
278 192 0 0 64 0 0 0 0 0
279 96 0 0 64 0 0 0 0 0
281 8 0 0 0 0 0 0 0 0
284 2 0 0 1 0 0 0 0 0
285 3 0 0 1 0 0 0 0 0
286 28 0 0 10 0 0 1 0 0
288 30 1 1 6 0 0 0 0 0
289 9 0 0 6 0 0 3 0 0
291 6 0 0 3 0 0 3 0 0
292 6 0 0 0 0 0 0 0 0
299 24 0 0 8 0 0 8 0 0
300 8 0 0 0 0 0 0 0 0
302 16 0 0 0 0 0 0 0 0
305 4 0 0 3 0 0 1 0 0
307 1 0 0 0 0 0 0 0 0
308 6 0 0 5 0 0 0 0 0
fl=/build/eglibc-oD_LfC/eglibc-2.19/elf/dl-init.c
fn=_dl_init
36 38 2 2 17 0 0 13 0 0
86 10 1 1 0 0 0 7 0 0
87 1 0 0 1 0 0 0 0 0
88 1 1 1 1 0 0 0 0 0
91 3 0 0 1 1 0 0 0 0
94 2 0 0 0 0 0 1 0 0
98 2 0 0 0 0 0 0 0 0
124 2 0 0 1 0 0 0 0 0
125 19 0 0 0 0 0 0 0 0
126 8 0 0 8 0 0 0 0 0
132 6 0 0 5 0 0 0 0 0
fn=call_init.part.0
34 36 1 0 0 0 0 20 0 0
42 12 0 0 4 0 0 4 0 0
45 16 1 1 8 1 0 0 0 0
46 3 0 0 0 0 0 0 0 0
50 9 0 0 3 0 0 0 0 0
51 3 0 0 1 0 0 0 0 0
55 4 0 0 2 0 0 0 0 0
63 4 0 0 0 0 0 0 0 0
64 16 0 0 8 0 0 8 0 0
67 2 0 0 2 0 0 0 0 0
68 4 1 1 0 0 0 0 0 0
74 8 0 0 4 0 0 2 0 0
76 4 0 0 4 0 0 0 0 0
77 20 0 0 4 0 0 0 0 0
78 24 0 0 12 0 0 16 0 0
80 24 1 1 20 0 0 0 0 0
fl=/build/eglibc-oD_LfC/eglibc-2.19/elf/dl-load.c
fn=???
1534 46 0 0 46 0 0 0 0 0
fn=_dl_init_paths
742 9 1 1 0 0 0 6 0 0
755 8 1 1 2 0 0 3 0 0
759 1 0 0 0 0 0 1 0 0
760 3 0 0 0 0 0 2 0 0
761 2 0 0 0 0 0 0 0 0
768 3 0 0 0 0 0 0 0 0
769 2 1 1 1 0 0 0 0 0
772 7 0 0 0 0 0 4 0 0
774 3 0 0 1 0 0 0 0 0
780 1 0 0 0 0 0 1 0 0
781 1 1 1 0 0 0 1 0 0
789 17 0 0 3 0 0 10 0 0
791 9 0 0 3 0 0 5 1 1
792 4 0 0 0 0 0 4 0 0
794 11 0 0 3 0 0 6 1 1
795 10 0 0 6 1 1 4 0 0
796 27 0 0 7 0 0 5 0 0
799 9 1 1 6 1 1 0 0 0
800 220 0 0 8 0 0 4 0 0
801 64 0 0 0 0 0 64 4 4
803 21 2 2 8 0 0 6 0 0
809 1 0 0 0 0 0 1 0 0
810 1 0 0 0 0 0 1 0 0
814 2 0 0 2 0 0 0 0 0
815 2 0 0 0 0 0 0 0 0
817 4 1 1 1 0 0 0 0 0
819 3 0 0 1 0 0 0 0 0
836 1 0 0 0 0 0 1 0 0
838 3 1 1 1 0 0 0 0 0
852 2 1 1 0 0 0 1 0 0
857 5 1 1 2 0 0 0 0 0
863 5 0 0 0 0 0 3 0 0
865 14 1 1 1 0 0 6 0 0
881 2 0 0 0 0 0 0 0 0
882 61 0 0 15 0 0 0 0 0
883 14 0 0 0 0 0 0 0 0
884 28 1 1 0 0 0 0 0 0
886 1 0 0 0 0 0 1 0 0
887 2 0 0 0 0 0 2 0 0
888 2 0 0 0 0 0 0 0 0
894 11 1 1 1 0 0 6 0 0
898 4 0 0 2 0 0 0 0 0
904 1 0 0 0 0 0 1 0 0
908 6 0 0 5 0 0 0 0 0
fn=_dl_map_object
719 9 1 1 3 0 0 0 0 0
2339 30 2 2 0 0 0 21 4 4
2346 9 0 0 3 0 0 0 0 0
2347 9 0 0 6 0 0 0 0 0
2350 42 1 1 12 0 0 3 0 0
2355 21 0 0 7 0 0 0 0 0
2356 14 0 0 0 0 0 0 0 0
2358 36 0 0 0 0 0 7 0 0
2362 12 0 0 6 0 0 0 0 0
2363 18 1 1 6 0 0 0 0 0
2366 2 0 0 2 0 0 0 0 0
2367 4 1 1 4 0 0 0 0 0
2368 10 0 0 0 0 0 6 2 2
2384 4 1 1 2 0 0 0 0 0
2394 12 0 0 4 0 0 2 0 0
2418 2 0 0 0 0 0 2 0 0
2420 10 1 1 0 0 0 6 0 0
2424 4 1 1 0 0 0 3 0 0
2426 2 0 0 1 0 0 0 0 0
2433 6 1 1 2 0 0 0 0 0
2437 6 1 1 2 0 0 2 0 0
2438 1 0 0 0 0 0 1 0 0
2442 3 0 0 1 0 0 0 0 0
2443 1 0 0 0 0 0 0 0 0
2457 2 1 1 1 0 0 0 0 0
2458 8 2 2 2 0 0 1 0 0
2459 1 0 0 0 0 0 0 0 0
2468 2 0 0 1 0 0 0 0 0
2469 22 1 1 4 0 0 8 0 0
2475 7 1 1 1 0 0 1 0 0
2476 2 0 0 1 0 0 0 0 0
2478 1 1 1 1 0 0 0 0 0
2484 4 0 0 1 0 0 1 0 0
2486 3 0 0 1 0 0 0 0 0
2490 3 0 0 0 0 0 2 0 0
2492 2 0 0 0 0 0 0 0 0
2496 4 1 1 1 0 0 0 0 0
2504 2 0 0 1 0 0 0 0 0
2526 13 1 1 2 0 0 5 0 0
2529 3 0 0 0 0 0 1 0 0
2531 3 1 1 1 0 0 2 0 0
2532 3 0 0 1 0 0 0 0 0
2552 2 1 1 1 0 0 0 0 0
2558 1 1 1 0 0 0 1 0 0
2560 8 0 0 2 0 0 2 0 0
2561 3 0 0 0 0 0 0 0 0
2565 8 0 0 0 0 0 5 0 0
2568 2 0 0 0 0 0 0 0 0
2580 10 1 1 4 0 0 2 0 0
2582 4 0 0 0 0 0 0 0 0
2626 4 0 0 2 0 0 2 0 0
2627 32 1 1 10 0 0 16 0 0
2629 18 0 0 15 0 0 0 0 0
fn=_dl_map_object_from_fd
945 22 1 1 0 0 0 14 2 2
956 8 1 1 2 0 0 4 1 1
957 2 0 0 0 0 0 2 0 0
960 14 0 0 0 0 0 8 0 0
971 29 1 1 9 0 0 2 0 0
972 54 1 1 23 1 1 4 0 0
989 6 1 1 2 0 0 0 0 0
1014 4 0 0 2 0 0 0 0 0
1024 4 0 0 2 0 0 0 0 0
1046 8 1 1 4 0 0 0 0 0
1078 4 0 0 0 0 0 0 0 0
1081 24 0 0 12 0 0 8 0 0
1082 4 1 1 0 0 0 0 0 0
1093 6 0 0 4 0 0 2 1 1
1094 6 0 0 4 0 0 2 0 0
1095 6 0 0 4 0 0 2 0 0
1097 8 0 0 0 0 0 2 0 0
1098 12 1 1 8 0 0 0 0 0
1099 6 0 0 2 0 0 2 0 0
1114 2 0 0 0 0 0 2 0 0
1123 20 1 1 0 0 0 6 0 0
1124 2 0 0 0 0 0 2 0 0
1125 2 0 0 0 0 0 2 0 0
1131 112 0 0 36 0 0 0 0 0
1132 136 1 1 17 1 1 0 0 0
1138 4 0 0 2 0 0 2 0 0
1139 6 0 0 2 0 0 2 0 0
1140 2 0 0 0 0 0 0 0 0
1143 2 0 0 1 0 0 1 0 0
1144 1 0 0 0 0 0 0 0 0
1149 28 2 2 8 0 0 8 0 0
1155 28 0 0 8 0 0 8 0 0
1156 4 0 0 0 0 0 0 0 0
1163 36 1 1 12 0 0 8 0 0
1164 32 0 0 12 0 0 12 1 1
1165 16 1 1 8 0 0 0 0 0
1166 8 0 0 4 0 0 4 0 0
1167 4 0 0 0 0 0 4 0 0
1168 12 0 0 8 0 0 4 0 0
1169 12 0 0 8 0 0 4 0 0
1173 8 0 0 4 0 0 0 0 0
1174 12 0 0 6 0 0 2 0 0
1179 28 1 1 4 0 0 4 0 0
1189 4 0 0 0 0 0 0 0 0
1192 3 1 1 1 0 0 0 0 0
1196 1 0 0 0 0 0 1 1 1
1197 2 0 0 1 0 0 1 0 0
1198 2 0 0 0 0 0 0 0 0
1201 4 0 0 1 0 0 1 0 0
1202 2 0 0 1 0 0 1 0 0
1205 2 0 0 1 0 0 1 0 0
1209 4 0 0 1 0 0 0 0 0
1215 2 0 0 0 0 0 2 1 1
1216 1 0 0 0 0 0 0 0 0
1228 6 1 1 0 0 0 2 0 0
1272 4 2 2 2 0 0 2 0 0
1273 2 0 0 0 0 0 0 0 0
1276 4 0 0 2 0 0 2 0 0
1277 4 0 0 2 0 0 2 0 0
1278 2 0 0 0 0 0 0 0 0
1281 12 0 0 4 0 0 0 0 0
1294 10 1 1 6 0 0 2 0 0
1296 4 0 0 2 0 0 0 0 0
1310 2 0 0 2 0 0 0 0 0
1315 26 1 1 8 0 0 18 0 0
1319 4 0 0 0 0 0 0 0 0
1326 6 0 0 2 0 0 2 0 0
1327 6 1 1 4 0 0 2 0 0
1329 4 0 0 2 0 0 0 0 0
1339 2 0 0 2 0 0 0 0 0
1341 4 0 0 2 0 0 2 0 0
1362 24 1 1 12 0 0 0 0 0
1364 10 0 0 6 0 0 0 0 0
1366 30 1 1 10 0 0 14 0 0
1374 16 0 0 8 0 0 0 0 0
1375 6 1 1 4 0 0 2 0 0
1377 12 0 0 4 0 0 0 0 0
1378 7 1 1 4 0 0 1 0 0
1379 10 0 0 4 0 0 1 0 0
1380 4 1 1 3 0 0 0 0 0
1382 5 0 0 2 0 0 1 0 0
1385 20 0 0 12 0 0 0 0 0
1391 4 0 0 2 0 0 0 0 0
1392 4 0 0 0 0 0 2 0 0
1393 12 0 0 6 0 0 2 0 0
1394 4 1 1 0 0 0 0 0 0
1401 4 0 0 2 0 0 0 0 0
1404 4 0 0 0 0 0 0 0 0
1415 16 0 0 2 0 0 10 0 0
1416 10 0 0 6 0 0 0 0 0
1421 4 0 0 2 0 0 0 0 0
1425 11 1 1 3 0 0 7 0 0
1428 2 0 0 0 0 0 0 0 0
1436 4 1 1 4 0 0 0 0 0
1440 8 1 1 4 0 0 0 0 0
1449 8 0 0 2 0 0 4 0 0
1455 4 0 0 0 0 0 0 0 0
1471 6 0 0 2 0 0 0 0 0
1490 4 0 0 2 0 0 2 0 0
1492 10 1 1 4 0 0 0 0 0
1547 6 0 0 2 1 1 0 0 0
1548 2 0 0 1 0 0 1 0 0
1551 10 0 0 2 0 0 4 0 0
1559 14 2 2 4 0 0 0 0 0
1560 2 0 0 1 0 0 0 0 0
1562 8 0 0 4 0 0 2 0 0
1564 4 0 0 2 0 0 0 0 0
1580 4 0 0 0 0 0 2 0 0
1584 4 0 0 2 0 0 0 0 0
1585 6 1 1 2 0 0 0 0 0
1602 4 0 0 2 0 0 0 0 0
1603 1 0 0 0 0 0 1 0 0
1606 8 0 0 4 0 0 4 0 0
1607 8 0 0 4 0 0 4 0 0
1611 6 0 0 2 0 0 0 0 0
1621 6 0 0 2 0 0 2 0 0
1625 8 0 0 2 0 0 0 0 0
1645 12 0 0 10 0 0 0 0 0
fn=expand_dynamic_string_token
426 22 1 1 2 0 0 12 0 0
436 10 0 0 0 0 0 6 1 1
440 4 0 0 0 0 0 0 0 0
451 10 0 0 8 0 0 0 0 0
fn=fillin_rpath
497 12 1 1 0 0 0 8 0 0
499 3 0 0 0 0 0 2 0 0
501 16 1 1 4 0 0 6 0 0
504 1 0 0 0 0 0 1 0 0
505 1 0 0 0 0 0 0 0 0
508 2 0 0 1 0 0 0 0 0
510 5 1 1 1 0 0 2 0 0
514 2 0 0 0 0 0 0 0 0
519 2 0 0 0 0 0 2 0 0
520 2 0 0 0 0 0 0 0 0
527 8 2 2 1 0 0 0 0 0
532 4 0 0 0 0 0 2 0 0
536 3 0 0 1 0 0 0 0 0
543 20 1 1 5 0 0 2 0 0
544 8 0 0 4 0 0 0 0 0
562 5 1 1 1 0 0 1 0 0
565 3 1 1 0 0 0 2 0 0
566 5 0 0 2 0 0 2 0 0
567 3 0 0 0 0 0 1 0 0
568 3 0 0 1 0 0 0 0 0
572 2 0 0 0 0 0 2 0 0
573 3 0 0 1 0 0 1 0 0
574 5 1 1 0 0 0 5 0 0
575 2 0 0 1 0 0 1 0 0
577 3 0 0 2 0 0 0 0 0
583 5 0 0 1 0 0 0 0 0
584 52 0 0 0 0 0 0 0 0
585 16 0 0 0 0 0 16 0 0
587 2 0 0 1 0 0 1 0 0
588 3 0 0 1 0 0 0 0 0
593 2 2 2 0 0 0 1 0 0
595 2 1 1 1 0 0 1 0 0
596 1 0 0 0 0 0 1 0 0
599 6 0 0 2 0 0 2 0 0
601 6 2 2 2 0 0 2 0 0
605 3 0 0 2 0 0 1 0 0
608 6 0 0 5 0 0 0 0 0
fn=local_strdup
171 21 2 2 0 0 0 12 0 0
172 9 0 0 0 0 0 6 0 0
173 6 0 0 0 0 0 6 0 0
175 6 0 0 0 0 0 0 0 0
178 12 0 0 0 0 0 12 0 0
179 15 0 0 12 0 0 0 0 0
fn=open_path
1655 3 0 0 0 0 0 1 0 0
2190 10 1 1 0 0 0 7 2 2
2191 3 0 0 2 0 0 1 0 0
2194 1 0 0 0 0 0 1 0 0
2195 1 0 0 0 0 0 1 0 0
2197 2 1 1 0 0 0 0 0 0
2202 13 1 1 5 0 0 2 0 0
2209 1 0 0 0 0 0 1 0 0
2214 3 0 0 2 0 0 0 0 0
2221 8 1 1 3 0 0 5 1 1
2222 67 0 0 17 0 0 0 0 0
2225 32 1 1 16 0 0 0 0 0
2229 240 1 1 96 0 0 128 0 0
2232 32 1 1 16 0 0 16 0 0
2235 48 0 0 32 0 0 0 0 0
2236 3 0 0 0 0 0 1 0 0
2238 176 0 0 80 0 0 80 0 0
2240 48 1 1 16 0 0 0 0 0
2242 32 0 0 0 0 0 0 0 0
2247 48 1 1 16 0 0 0 0 0
2248 96 0 0 64 0 0 0 0 0
2254 96 1 1 48 0 0 16 0 0
2256 112 0 0 0 0 0 64 0 0
2257 4 0 0 1 1 1 0 0 0
2259 30 0 0 0 0 0 15 0 0
2261 3 1 1 0 0 0 1 0 0
2266 32 0 0 16 0 0 0 0 0
2304 1 0 0 0 0 0 0 0 0
2307 6 1 1 2 0 0 0 0 0
2312 2 0 0 2 0 0 0 0 0
2314 5 0 0 3 0 0 0 0 0
2317 3 0 0 1 0 0 0 0 0
2331 6 0 0 5 0 0 0 0 0
fn=open_verify
1895 216 1 1 18 0 0 144 1 1
1931 54 0 0 18 0 0 0 0 0
1952 90 1 1 18 0 0 72 0 0
1953 36 0 0 0 0 0 0 0 0
1963 2 0 0 0 0 0 2 0 0
1964 6 0 0 2 0 0 2 0 0
1969 20 1 1 4 0 0 8 0 0
1971 4 0 0 0 0 0 0 0 0
1973 8 0 0 4 0 0 2 0 0
1975 4 0 0 0 0 0 0 0 0
1981 4 0 0 0 0 0 0 0 0
1997 26 2 2 2 0 0 8 0 0
1999 4 0 0 4 0 0 0 0 0
2001 14 0 0 2 0 0 8 0 0
2028 3 1 1 3 0 0 0 0 0
2072 6 0 0 4 0 0 0 0 0
2077 4 0 0 2 0 0 0 0 0
2080 10 0 0 2 0 0 2 0 0
2085 4 0 0 2 2 2 0 0 0
2092 6 0 0 2 0 0 0 0 0
2093 10 1 1 2 0 0 2 0 0
2094 6 0 0 2 0 0 2 0 0
2109 87 1 1 15 0 0 2 0 0
2111 36 1 1 17 5 5 0 0 0
2115 12 0 0 6 0 0 2 0 0
2116 6 0 0 0 0 0 0 0 0
2125 23 2 2 4 0 0 12 0 0
2128 2 0 0 0 0 0 0 0 0
2129 6 0 0 2 0 0 0 0 0
2130 6 0 0 2 0 0 0 0 0
2132 6 0 0 0 0 0 0 0 0
2137 1 0 0 0 0 0 0 0 0
2138 1 0 0 0 0 0 0 0 0
2141 2 0 0 0 0 0 0 0 0
2144 4 0 0 1 0 0 0 0 0
2145 5 0 0 1 0 0 0 0 0
2146 3 0 0 2 0 0 1 0 0
2147 3 0 0 1 0 0 0 0 0
2148 6 0 0 2 0 0 0 0 0
2153 16 1 1 0 0 0 0 0 0
2176 108 0 0 90 0 0 0 0 0
fl=/build/eglibc-oD_LfC/eglibc-2.19/elf/dl-lookup.c
fn=_dl_lookup_symbol_x
475 98 0 0 0 0 0 0 0 0
476 5750 0 0 1413 99 95 0 0 0
477 5260 1 1 0 0 0 0 0 0
714 1078 1 1 0 0 0 784 3 2
716 98 0 0 0 0 0 98 1 1
717 196 0 0 0 0 0 196 0 0
720 98 0 0 98 2 1 0 0 0
724 472 1 1 187 0 0 0 0 0
728 1078 0 0 294 0 0 392 0 0
729 294 0 0 98 0 0 0 0 0
731 196 0 0 196 2 1 0 0 0
735 220 0 0 6 0 0 0 0 0
737 2058 2 2 980 0 0 1078 0 0
740 196 0 0 0 0 0 0 0 0
743 6 0 0 0 0 0 0 0 0
766 392 0 0 196 0 0 0 0 0
768 48 1 1 18 0 0 0 0 0
784 12 0 0 6 0 0 6 0 0
785 12 0 0 0 0 0 0 0 0
788 184 0 0 184 0 0 0 0 0
789 644 1 1 184 0 0 0 0 0
815 92 0 0 0 0 0 92 0 0
824 460 0 0 92 0 0 0 0 0
838 276 0 0 92 4 2 0 0 0
839 2 1 1 0 0 0 1 0 0
841 368 1 1 184 0 0 0 0 0
846 184 0 0 92 0 0 92 0 0
848 588 0 0 490 0 0 0 0 0
fn=_dl_setup_hash
856 28 0 0 0 0 0 20 1 1
859 12 1 1 4 0 0 0 0 0
863 4 0 0 4 0 0 0 0 0
867 8 0 0 4 4 4 4 0 0
868 4 0 0 4 0 0 0 0 0
869 4 0 0 4 3 3 0 0 0
871 12 1 1 0 0 0 0 0 0
872 4 0 0 0 0 0 4 0 0
873 12 0 0 4 0 0 4 0 0
875 4 0 0 0 0 0 4 0 0
876 4 0 0 0 0 0 0 0 0
878 4 0 0 0 0 0 4 0 0
879 4 0 0 0 0 0 0 0 0
880 12 0 0 0 0 0 4 0 0
894 24 0 0 20 0 0 0 0 0
fn=check_match.9399
131 828 1 1 0 0 0 460 0 0
132 184 0 0 92 10 7 0 0 0
134 460 1 1 184 4 4 0 0 0
136 276 0 0 92 0 0 0 0 0
146 276 0 0 184 0 0 92 4 3
149 344 0 0 152 1 0 60 0 0
153 184 0 0 184 3 2 0 0 0
154 276 1 1 92 0 0 0 0 0
156 178 0 0 0 0 0 0 0 0
175 178 0 0 178 6 4 0 0 0
176 623 2 1 267 3 2 0 0 0
177 801 2 2 267 0 0 356 0 0
179 90 0 0 0 0 0 0 0 0
204 6 0 0 0 0 0 0 0 0
206 18 0 0 6 2 1 0 0 0
207 12 0 0 3 0 0 0 0 0
210 4 0 0 0 0 0 0 0 0
211 10 0 0 2 0 0 2 0 0
213 4 0 0 0 0 0 2 0 0
222 552 0 0 460 0 0 0 0 0
fn=do_lookup_x
77 882 2 2 392 0 0 490 2 1
82 1078 1 1 196 0 0 588 4 3
88 196 0 0 98 0 0 98 0 0
89 98 0 0 98 0 0 0 0 0
95 309 0 0 0 0 0 309 0 0
96 309 0 0 0 0 0 309 0 0
98 1236 1 1 927 5 3 309 0 0
101 618 0 0 309 0 0 0 0 0
105 618 0 0 309 0 0 0 0 0
109 618 0 0 309 4 3 0 0 0
113 618 1 1 309 1 1 0 0 0
114 392 0 0 0 0 0 196 0 0
119 1236 0 0 309 2 1 309 0 0
123 927 0 0 618 10 5 309 0 0
124 927 0 0 618 0 0 309 0 0
225 309 0 0 309 0 0 0 0 0
226 618 0 0 0 0 0 0 0 0
228 309 0 0 309 43 36 0 0 0
229 294 0 0 0 0 0 98 0 0
230 618 0 0 618 0 0 0 0 0
233 1545 1 1 618 0 0 0 0 0
236 1236 0 0 0 0 0 0 0 0
237 927 0 0 0 0 0 0 0 0
239 196 0 0 196 48 47 0 0 0
240 294 1 1 196 0 0 0 0 0
241 196 0 0 0 0 0 0 0 0
243 196 1 1 98 0 0 0 0 0
246 1000 0 0 400 66 63 0 0 0
248 552 0 0 184 0 0 92 0 0
249 760 1 1 282 0 0 190 0 0
250 188 0 0 2 0 0 0 0 0
253 330 0 0 0 0 0 0 0 0
257 219 0 0 0 0 0 219 0 0
272 196 2 2 0 0 0 98 0 0
281 440 0 0 221 0 0 0 0 0
283 4 0 0 0 0 0 0 0 0
286 788 1 1 92 0 0 92 0 0
290 30 1 1 10 0 0 0 0 0
303 276 0 0 184 0 0 92 0 0
304 276 0 0 184 0 0 92 0 0
305 92 0 0 0 0 0 0 0 0
461 1869 1 1 623 0 0 0 0 0
462 145 0 0 29 0 0 29 0 0
465 651 0 0 217 0 0 0 0 0
468 6 0 0 0 0 0 0 0 0
469 588 1 1 490 0 0 0 0 0
fl=/build/eglibc-oD_LfC/eglibc-2.19/elf/dl-minimal.c
fn=__libc_memalign
51 176 1 1 44 0 0 88 1 1
52 87 0 0 43 0 0 0 0 0
57 3 0 0 0 0 0 1 0 0
58 3 1 1 1 0 0 0 0 0
59 1 0 0 0 0 0 0 0 0
63 66 0 0 0 0 0 22 0 0
64 22 0 0 0 0 0 0 0 0
66 146 1 1 0 0 0 0 0 0
70 8 0 0 2 0 0 0 0 0
71 6 0 0 0 0 0 0 0 0
77 14 0 0 0 0 0 14 1 1
79 10 0 0 4 0 0 0 0 0
83 6 0 0 0 0 0 2 0 0
86 22 1 1 0 0 0 22 0 0
87 22 0 0 0 0 0 22 0 0
89 172 0 0 88 0 0 0 0 0
fn=calloc
102 64 1 1 16 0 0 32 3 3
106 16 0 0 0 0 0 0 0 0
109 32 0 0 0 0 0 0 0 0
113 16 0 0 0 0 0 16 0 0
114 40 0 0 32 0 0 0 0 0
fn=free
119 6 1 1 1 0 0 3 0 0
121 2 0 0 1 0 0 0 0 0
128 4 0 0 3 0 0 0 0 0
fn=malloc
93 84 1 1 0 0 0 42 0 0
94 84 0 0 21 0 0 63 0 0
95 63 0 0 42 0 0 0 0 0
fn=strsep
335 16 1 1 2 0 0 10 0 0
338 8 0 0 2 0 0 0 0 0
340 6 0 0 4 0 0 2 0 0
341 4 0 0 0 0 0 0 0 0
345 90 0 0 15 0 0 0 0 0
350 56 1 1 0 0 0 0 0 0
352 112 0 0 28 0 0 0 0 0
360 14 0 0 0 0 0 0 0 0
363 2 0 0 1 0 0 1 0 0
367 14 0 0 12 0 0 0 0 0
fl=/build/eglibc-oD_LfC/eglibc-2.19/elf/dl-misc.c
fn=_dl_name_match_p
288 344 1 1 0 0 0 172 2 1
289 258 0 0 43 2 1 129 0 0
290 3 0 0 0 0 0 0 0 0
292 43 0 0 43 0 0 0 0 0
294 174 0 0 0 0 0 0 0 0
295 282 1 1 47 3 2 141 0 0
298 44 0 0 44 0 0 0 0 0
300 40 0 0 0 0 0 0 0 0
301 215 0 0 172 0 0 0 0 0
fn=_dl_sysdep_read_whole_file
45 9 1 1 0 0 0 5 0 0
52 4 1 1 0 0 0 3 0 0
53 2 0 0 0 0 0 0 0 0
55 7 0 0 0 0 0 4 0 0
57 2 0 0 1 0 0 1 0 0
60 2 0 0 0 0 0 0 0 0
62 9 2 2 0 0 0 7 0 0
73 2 0 0 0 0 0 2 0 0
76 7 0 0 5 0 0 0 0 0
fl=/build/eglibc-oD_LfC/eglibc-2.19/elf/dl-object.c
fn=_dl_add_to_namespace_list
32 27 1 1 0 0 0 18 0 0
34 9 0 0 3 0 0 6 0 0
36 19 1 1 6 0 0 0 0 0
39 15 0 0 5 0 0 0 0 0
40 3 0 0 0 0 0 0 0 0
41 2 0 0 0 0 0 2 0 0
43 2 0 0 0 0 0 2 0 0
46 2 0 0 0 0 0 1 0 0
47 6 0 0 3 0 0 0 0 0
48 12 0 0 6 0 0 6 0 0
49 12 0 0 0 0 0 6 0 0
51 6 0 0 3 0 0 6 0 0
52 18 0 0 15 0 0 0 0 0
fn=_dl_new_object
61 33 2 2 3 0 0 24 0 0
62 15 0 0 0 0 0 12 2 2
68 39 2 2 6 0 0 0 0 0
75 21 1 1 3 0 0 12 0 0
78 6 0 0 0 0 0 0 0 0
81 3 0 0 0 0 0 3 2 2
82 9 0 0 3 0 0 3 3 3
86 6 0 0 0 0 0 3 1 1
87 30 1 1 9 0 0 18 0 0
89 3 0 0 0 0 0 3 0 0
97 15 1 1 9 0 0 3 0 0
98 18 0 0 6 2 2 3 0 0
101 6 0 0 3 0 0 0 0 0
102 8 1 1 0 0 0 3 3 3
103 3 0 0 0 0 0 3 0 0
107 6 0 0 3 0 0 3 0 0
110 58 1 1 0 0 0 0 0 0
112 16 0 0 0 0 0 16 2 2
122 6 0 0 0 0 0 3 1 1
123 3 0 0 0 0 0 3 0 0
126 3 0 0 0 0 0 0 0 0
128 12 0 0 6 1 1 0 0 0
130 6 0 0 0 0 0 2 0 0
133 7 1 1 0 0 0 0 0 0
137 8 0 0 2 0 0 0 0 0
141 12 0 0 2 0 0 0 0 0
143 1 0 0 0 0 0 0 0 0
149 1 0 0 0 0 0 1 0 0
152 6 0 0 0 0 0 3 0 0
155 18 1 1 6 0 0 0 0 0
157 12 0 0 2 0 0 8 0 0
161 10 0 0 0 0 0 0 0 0
165 6 1 1 0 0 0 4 0 0
166 8 0 0 0 0 0 0 0 0
211 14 1 1 4 0 0 8 0 0
216 78 0 0 0 0 0 0 0 0
217 84 0 0 40 0 0 0 0 0
222 4 0 0 0 0 0 2 0 0
225 4 0 0 0 0 0 2 0 0
229 18 0 0 15 0 0 0 0 0
fl=/build/eglibc-oD_LfC/eglibc-2.19/elf/dl-open.c
fn=_dl_find_dso_for_object
178 8 2 2 0 0 0 5 0 0
182 6 0 0 1 0 0 1 0 0
183 10 1 1 3 0 0 0 0 0
184 10 0 0 5 0 0 0 0 0
185 2 0 0 1 0 0 0 0 0
188 3 0 0 1 0 0 0 0 0
192 6 0 0 5 0 0 0 0 0
fl=/build/eglibc-oD_LfC/eglibc-2.19/elf/dl-reloc.c
fn=_dl_protect_relro
322 32 2 2 0 0 0 16 0 0
323 16 0 0 8 0 0 0 0 0
324 8 0 0 4 0 0 0 0 0
325 8 0 0 4 0 0 0 0 0
328 8 0 0 0 0 0 0 0 0
329 28 0 0 0 0 0 16 0 0
335 20 1 1 16 0 0 0 0 0
fn=_dl_relocate_object
154 36 1 1 4 0 0 20 0 0
161 4 0 0 0 0 0 4 0 0
164 12 0 0 0 0 0 4 0 0
165 44 1 1 8 0 0 20 0 0
169 8 0 0 0 0 0 0 0 0
170 20 1 1 8 1 0 0 0 0
176 12 0 0 8 0 0 0 0 0
182 12 0 0 4 0 0 0 0 0
183 12 1 1 4 3 0 0 0 0
186 8 0 0 4 0 0 0 0 0
193 16 1 1 8 0 0 0 0 0
238 16 0 0 12 0 0 4 0 0
264 693 8 8 257 8 0 109 0 0
267 12 0 0 4 0 0 0 0 0
295 8 0 0 8 0 0 0 0 0
298 12 0 0 4 0 0 0 0 0
315 16 0 0 8 1 0 0 0 0
316 16 0 0 4 0 0 4 0 0
317 24 0 0 20 0 0 0 0 0
fl=/build/eglibc-oD_LfC/eglibc-2.19/elf/dl-runtime.c
fn=_dl_fixup
66 63 1 1 0 0 0 35 0 0
69 21 0 0 14 4 2 7 0 0
72 14 1 1 14 8 6 0 0 0
73 70 0 0 21 4 3 21 0 0
74 28 0 0 14 2 1 7 0 0
79 14 0 0 0 0 0 0 0 0
83 21 0 0 14 5 3 0 0 0
85 2 0 0 0 0 0 0 0 0
87 21 1 1 7 4 3 0 0 0
91 18 0 0 18 6 4 0 0 0
92 18 0 0 6 2 1 0 0 0
94 24 0 0 6 3 2 0 0 0
100 7 0 0 0 0 0 0 0 0
101 21 1 1 7 0 0 0 0 0
111 112 1 1 35 4 2 49 0 0
115 21 0 0 7 0 0 0 0 0
125 49 0 0 21 0 0 0 0 0
141 28 0 0 7 0 0 0 0 0
145 21 0 0 7 2 1 0 0 0
149 49 0 0 35 0 0 0 0 0
fl=/build/eglibc-oD_LfC/eglibc-2.19/elf/dl-tls.c
fn=___tls_get_addr
769 4 1 1 0 0 0 2 0 0
770 1 0 0 1 0 0 0 0 0
772 3 0 0 2 2 2 0 0 0
775 2 0 0 2 1 1 0 0 0
777 2 0 0 0 0 0 0 0 0
780 2 0 0 1 0 0 0 0 0
781 3 1 1 2 0 0 0 0 0
fn=_dl_add_to_slotinfo
831 8 1 1 0 0 0 5 0 0
837 2 0 0 2 0 0 0 0 0
840 2 1 1 1 1 0 0 0 0
845 3 0 0 1 1 0 0 0 0
886 3 0 0 1 0 0 1 0 0
887 3 0 0 1 0 0 1 0 0
888 6 0 0 5 0 0 0 0 0
fn=_dl_allocate_tls_init
376 8 2 2 0 0 0 6 0 0
377 2 0 0 0 0 0 0 0 0
381 3 0 0 2 1 0 1 0 0
383 1 0 0 0 0 0 1 0 0
384 1 0 0 0 0 0 1 0 0
389 3 0 0 1 0 0 1 0 0
394 15 1 1 6 0 0 0 0 0
400 8 0 0 1 0 0 0 0 0
403 1 1 1 1 0 0 0 0 0
404 2 1 1 0 0 0 0 0 0
410 5 0 0 2 0 0 1 0 0
412 2 0 0 0 0 0 0 0 0
413 2 0 0 1 0 0 0 0 0
422 2 0 0 1 0 0 0 0 0
423 5 1 1 2 0 0 1 0 0
425 2 0 0 1 0 0 0 0 0
426 3 0 0 1 0 0 0 0 0
434 3 0 0 1 0 0 1 1 0
435 1 0 0 0 0 0 1 0 0
436 11 0 0 2 0 0 8 0 0
450 3 1 1 2 0 0 1 0 0
452 1 0 0 1 0 0 0 0 0
453 6 0 0 5 0 0 0 0 0
fn=_dl_allocate_tls_storage
328 7 1 1 0 0 0 5 0 0
330 1 0 0 1 0 0 0 0 0
341 5 0 0 1 0 0 3 0 0
342 2 1 1 0 0 0 0 0 0
349 1 0 0 0 0 0 0 0 0
353 318 0 0 0 0 0 304 19 19
364 2 0 0 0 0 0 1 0 0
365 2 0 0 0 0 0 0 0 0
370 6 1 1 5 0 0 0 0 0
fn=_dl_determine_tlsoffset
112 7 1 1 0 0 0 5 0 0
113 2 0 0 0 0 0 1 0 0
114 1 0 0 0 0 0 1 0 0
115 1 0 0 0 0 0 1 0 0
118 3 0 0 1 0 0 0 0 0
121 3 0 0 1 0 0 0 0 0
123 2 0 0 0 0 0 1 0 0
155 1 0 0 0 0 0 1 0 0
157 10 1 1 5 0 0 1 0 0
159 4 1 1 1 0 0 1 0 0
161 4 0 0 1 0 0 1 0 0
162 2 1 1 1 0 0 0 0 0
164 4 0 0 1 0 0 1 0 0
166 7 1 1 4 0 0 1 0 0
168 1 0 0 0 0 0 0 0 0
182 8 1 1 2 0 0 1 0 0
184 4 0 0 1 0 0 0 0 0
185 1 0 0 1 0 0 0 0 0
194 1 0 0 0 0 0 1 0 0
197 9 0 0 2 0 0 1 0 0
198 1 0 0 0 0 0 1 0 0
249 2 0 0 1 0 0 1 0 0
250 6 1 1 5 0 0 0 0 0
fn=_dl_next_tls_modid
50 7 1 1 0 0 0 5 0 0
53 3 0 0 2 0 0 0 0 0
101 2 0 0 0 0 0 1 0 0
105 6 0 0 5 0 0 0 0 0
fn=allocate_dtv
288 7 2 2 0 0 0 4 0 0
295 2 0 0 1 0 0 0 0 0
296 4 0 0 0 0 0 3 0 0
297 2 0 0 0 0 0 0 0 0
300 1 0 0 0 0 0 1 1 1
306 2 0 0 0 0 0 1 0 0
312 6 0 0 4 0 0 0 0 0
fl=/build/eglibc-oD_LfC/eglibc-2.19/elf/dl-version.c
fn=_dl_check_all_versions
380 9 1 1 0 0 0 6 0 0
382 2 0 0 0 0 0 0 0 0
384 15 0 0 4 0 0 0 0 0
385 4 0 0 0 0 0 0 0 0
386 40 1 1 8 0 0 4 0 0
389 7 0 0 5 0 0 0 0 0
fn=_dl_check_map_versions
56 22 1 1 8 0 0 0 0 0
57 5 0 0 5 0 0 0 0 0
58 37 0 0 0 0 0 9 0 0
174 44 1 1 0 0 0 32 0 0
175 2 0 0 0 0 0 2 0 0
183 2 0 0 0 0 0 2 0 0
189 16 1 1 4 0 0 0 0 0
191 8 0 0 4 0 0 4 0 0
193 16 0 0 4 0 0 4 0 0
194 12 0 0 4 0 0 4 0 0
196 8 0 0 0 0 0 0 0 0
199 6 1 1 4 0 0 2 0 0
203 12 0 0 2 2 2 6 0 0
220 6 0 0 6 0 0 0 0 0
228 6 0 0 2 0 0 0 0 0
233 8 1 1 4 0 0 0 0 0
237 114 1 1 63 0 0 30 0 0
244 20 0 0 4 0 0 4 0 0
247 12 1 1 4 1 1 0 0 0
252 2 0 0 0 0 0 0 0 0
256 8 0 0 4 0 0 0 0 0
270 12 1 1 4 0 0 0 0 0
273 8 0 0 8 0 0 0 0 0
276 160 0 0 39 11 11 2 0 0
279 121 0 0 39 6 6 2 0 0
283 37 0 0 0 0 0 0 0 0
287 12 1 1 4 0 0 0 0 0
292 6 0 0 3 0 0 3 0 0
293 24 0 0 3 0 0 12 0 0
294 6 0 0 0 0 0 0 0 0
302 3 1 1 0 0 0 3 0 0
305 12 0 0 6 0 0 3 0 0
307 9 0 0 3 0 0 0 0 0
310 10 0 0 6 0 0 2 0 0
314 8 0 0 2 0 0 2 0 0
317 4 0 0 4 0 0 0 0 0
319 16 1 1 4 0 0 0 0 0
321 16 0 0 8 0 0 4 0 0
322 12 0 0 0 0 0 4 2 2
323 12 0 0 4 0 0 4 0 0
324 16 0 0 8 0 0 4 0 0
327 14 0 0 6 0 0 0 0 0
332 2 0 0 0 0 0 0 0 0
335 6 1 1 2 0 0 0 0 0
341 2 0 0 2 0 0 0 0 0
345 9 0 0 3 0 0 0 0 0
348 12 0 0 8 0 0 2 0 0
352 39 0 0 39 0 0 0 0 0
354 78 0 0 39 0 0 0 0 0
358 37 0 0 37 0 0 0 0 0
359 185 0 0 74 0 0 37 9 9
360 111 0 0 37 0 0 37 0 0
361 37 0 0 0 0 0 37 0 0
364 117 0 0 39 0 0 0 0 0
368 37 0 0 0 0 0 0 0 0
373 7 2 2 7 0 0 0 0 0
374 24 0 0 20 0 0 0 0 0
fn=match_symbol
76 40 2 2 0 0 0 24 0 0
77 12 0 0 12 0 0 0 0 0
85 8 0 0 4 0 0 0 0 0
91 16 0 0 8 0 0 0 0 0
106 4 0 0 4 0 0 0 0 0
107 8 0 0 0 0 0 0 0 0
109 8 0 0 8 0 0 0 0 0
114 30 1 1 15 2 2 0 0 0
128 30 0 0 15 3 3 0 0 0
133 44 2 2 16 0 0 16 0 0
140 33 0 0 11 1 1 0 0 0
144 11 0 0 0 0 0 0 0 0
168 24 0 0 20 0 0 0 0 0
fl=/build/eglibc-oD_LfC/eglibc-2.19/elf/do-rel.h
fn=_dl_relocate_object
46 8 0 0 0 0 0 0 0 0
47 32 0 0 0 0 0 16 0 0
58 16 0 0 0 0 0 0 0 0
61 101 2 2 47 0 0 8 0 0
83 26 0 0 13 0 0 13 0 0
84 26 2 2 26 0 0 0 0 0
86 42 0 0 16 0 0 5 0 0
98 47 0 0 26 0 0 4 0 0
105 9 0 0 3 0 0 0 0 0
108 26 0 0 10 1 0 0 0 0
111 3790 1 1 8 0 0 0 0 0
112 2512 0 0 1258 1 1 0 0 0
118 52 1 1 26 4 0 0 0 0
121 20 0 0 10 1 0 10 0 0
124 443 2 2 326 0 0 0 0 0
136 624 0 0 416 57 54 0 0 0
137 502 0 0 104 0 0 208 0 0
138 398 1 1 208 0 0 104 0 0
139 312 0 0 208 0 0 104 0 0
160 33 3 3 19 0 0 0 0 0
170 25 0 0 10 0 0 0 0 0
171 20 0 0 15 1 1 5 0 0
fn=_dl_start
83 2 1 1 1 0 0 1 0 0
84 1 0 0 1 0 0 0 0 0
111 36 0 0 0 0 0 0 0 0
112 22 0 0 11 1 1 0 0 0
116 3 0 0 1 0 0 0 0 0
124 38 0 0 11 0 0 2 0 0
137 50 0 0 20 1 1 0 0 0
139 30 0 0 20 0 0 10 0 0
fl=/build/eglibc-oD_LfC/eglibc-2.19/elf/get-dynamic-info.h
fn=_dl_map_object_from_fd
38 4 0 0 0 0 0 0 0 0
42 2 1 1 0 0 0 0 0 0
44 141 0 0 47 8 8 0 0 0
46 90 1 1 0 0 0 0 0 0
51 40 0 0 0 0 0 0 0 0
52 67 1 1 0 0 0 43 5 5
53 8 0 0 0 0 0 0 0 0
56 8 0 0 0 0 0 0 0 0
59 8 0 0 0 0 0 0 0 0
61 6 1 1 0 0 0 2 0 0
62 45 0 0 0 0 0 0 0 0
69 6 0 0 2 0 0 0 0 0
89 8 0 0 4 0 0 0 0 0
90 10 0 0 6 0 0 0 0 0
91 10 1 1 6 0 0 0 0 0
92 10 0 0 6 0 0 0 0 0
94 6 0 0 2 0 0 0 0 0
97 10 0 0 6 0 0 0 0 0
99 10 1 1 6 0 0 0 0 0
100 8 0 0 4 1 1 0 0 0
101 10 0 0 6 0 0 0 0 0
107 6 0 0 2 0 0 0 0 0
114 10 1 1 2 0 0 0 0 0
119 6 1 1 2 0 0 0 0 0
123 6 0 0 2 0 0 0 0 0
124 6 0 0 4 0 0 0 0 0
136 6 0 0 2 0 0 0 0 0
141 2 0 0 1 0 0 1 0 0
143 2 0 0 0 0 0 0 0 0
145 2 0 0 0 0 0 0 0 0
147 2 0 0 0 0 0 0 0 0
150 6 1 1 2 0 0 0 0 0
152 2 0 0 1 0 0 1 0 0
160 2 0 0 1 0 0 0 0 0
161 2 0 0 0 0 0 0 0 0
165 2 0 0 0 0 0 0 0 0
168 6 1 1 2 0 0 0 0 0
fn=_dl_start
44 57 1 1 19 4 4 0 0 0
46 36 1 1 0 0 0 0 0 0
51 21 0 0 0 0 0 0 0 0
52 29 0 0 0 0 0 17 4 4
53 4 0 0 0 0 0 0 0 0
56 4 1 1 0 0 0 0 0 0
59 4 1 1 0 0 0 0 0 0
61 3 0 0 0 0 0 1 1 1
62 18 0 0 0 0 0 0 0 0
69 2 0 0 0 0 0 0 0 0
89 4 1 1 2 0 0 0 0 0
90 4 0 0 2 0 0 0 0 0
91 4 0 0 2 0 0 0 0 0
92 4 0 0 2 0 0 0 0 0
97 4 0 0 2 0 0 0 0 0
99 4 1 1 2 0 0 0 0 0
100 4 0 0 2 0 0 0 0 0
101 4 0 0 2 0 0 0 0 0
107 3 0 0 1 0 0 0 0 0
110 2 0 0 1 0 0 0 0 0
123 3 1 1 1 0 0 0 0 0
124 3 0 0 2 0 0 0 0 0
128 3 0 0 1 0 0 0 0 0
130 3 0 0 1 0 0 0 0 0
133 3 1 1 1 0 0 0 0 0
134 3 0 0 1 0 0 0 0 0
fn=dl_main
29 2 0 0 2 0 0 0 0 0
38 2 0 0 0 0 0 0 0 0
42 1 0 0 0 0 0 0 0 0
44 72 0 0 24 4 4 0 0 0
46 46 1 1 0 0 0 0 0 0
51 17 0 0 0 0 0 0 0 0
52 31 0 0 0 0 0 22 3 3
53 4 0 0 0 0 0 0 0 0
56 4 1 1 0 0 0 0 0 0
59 4 0 0 0 0 0 0 0 0
61 3 1 1 0 0 0 1 0 0
62 23 0 0 0 0 0 0 0 0
69 4 0 0 2 0 0 0 0 0
107 4 2 2 2 0 0 0 0 0
114 5 1 1 1 0 0 0 0 0
119 4 0 0 2 0 0 0 0 0
123 4 0 0 2 0 0 0 0 0
124 3 0 0 2 0 0 0 0 0
136 4 1 1 2 0 0 0 0 0
150 4 0 0 2 0 0 0 0 0
168 4 1 1 2 0 0 0 0 0
fl=/build/eglibc-oD_LfC/eglibc-2.19/elf/rtld.c
fn=_dl_initial_error_catch_tsd
810 8 0 0 0 0 0 4 0 0
813 8 0 0 4 0 0 0 0 0
fn=_dl_start
300 80 2 2 12 0 0 12 0 0
312 2 0 0 0 0 0 1 0 0
313 2 0 0 0 0 0 1 0 0
314 2 0 0 0 0 0 1 1 1
315 2 0 0 0 0 0 1 0 0
316 2 1 1 0 0 0 1 0 0
337 3 0 0 0 0 0 2 0 0
341 1 0 0 0 0 0 1 0 0
347 6 1 0 1 0 0 3 0 0
356 1 0 0 0 0 0 0 0 0
359 4 0 0 2 0 0 2 1 0
363 2 1 0 1 0 0 0 0 0
377 9 1 1 0 0 0 6 2 2
395 3 0 0 0 0 0 2 1 1
421 1 0 0 0 0 0 1 0 0
424 1 0 0 0 0 0 1 1 1
552 2 0 0 0 0 0 0 0 0
557 39 2 2 18 0 0 5 0 0
559 1 0 0 1 1 1 0 0 0
584 7 0 0 5 1 0 0 0 0
fn=dl_main
939 8 2 2 0 0 0 5 0 0
945 1 0 0 0 0 0 1 0 0
947 2 0 0 0 0 0 0 0 0
948 1 0 0 0 0 0 0 0 0
954 1 1 1 0 0 0 1 0 0
958 2 0 0 0 0 0 1 0 0
961 2 0 0 0 0 0 1 1 1
965 2 0 0 0 0 0 1 1 1
966 2 1 1 0 0 0 1 0 0
971 2 0 0 0 0 0 1 0 0
981 4 2 2 2 0 0 0 0 0
1180 9 1 1 0 0 0 5 0 0
1182 2 0 0 0 0 0 0 0 0
1183 3 1 1 2 0 0 1 0 0
1184 2 0 0 1 0 0 1 0 0
1185 3 0 0 2 0 0 1 0 0
1189 3 0 0 0 0 0 1 0 0
1190 2 0 0 1 0 0 0 0 0
1211 2 0 0 1 0 0 1 0 0
1212 1 0 0 0 0 0 1 0 0
1214 1 0 0 0 0 0 1 0 0
1216 1 1 1 1 0 0 0 0 0
1219 36 1 1 15 0 0 1 0 0
1220 71 1 1 9 4 4 0 0 0
1224 3 1 1 2 0 0 1 0 0
1225 1 0 0 0 0 0 0 0 0
1229 3 1 1 2 0 0 1 0 0
1230 1 0 0 0 0 0 0 0 0
1238 1 0 0 0 0 0 1 1 1
1239 2 0 0 2 0 0 0 0 0
1241 4 2 2 1 0 0 2 1 1
1248 3 0 0 1 0 0 0 0 0
1262 2 0 0 0 0 0 1 0 0
1266 1 0 0 0 0 0 1 0 0
1274 6 0 0 4 0 0 2 0 0
1275 13 1 1 6 0 0 3 0 0
1276 4 1 1 2 0 0 0 0 0
1277 1 0 0 0 0 0 1 0 0
1280 4 0 0 4 1 1 0 0 0
1281 4 0 0 2 0 0 0 0 0
1282 2 0 0 0 0 0 2 0 0
1283 6 0 0 3 0 0 0 0 0
1284 2 0 0 0 0 0 1 0 0
1311 2 0 0 1 0 0 1 0 0
1312 1 0 0 0 0 0 0 0 0
1315 2 0 0 1 0 0 1 0 0
1316 2 0 0 1 1 1 1 0 0
1317 1 0 0 0 0 0 0 0 0
1322 4 0 0 2 1 1 0 0 0
1325 2 0 0 0 0 0 0 0 0
1327 2 0 0 0 0 0 0 0 0
1329 3 1 1 1 0 0 0 0 0
1342 3 0 0 1 0 0 0 0 0
1343 12 1 1 6 0 0 4 0 0
1348 1 0 0 0 0 0 1 0 0
1350 1 0 0 0 0 0 1 0 0
1351 1 0 0 0 0 0 1 0 0
1353 3 0 0 1 0 0 0 0 0
1354 2 0 0 0 0 0 1 0 0
1358 2 1 1 1 0 0 0 0 0
1360 3 0 0 0 0 0 0 0 0
1365 2 1 1 1 0 0 1 0 0
1368 2 0 0 1 0 0 0 0 0
1384 4 2 2 0 0 0 2 0 0
1390 9 1 1 1 0 0 2 0 0
1395 2 1 1 1 0 0 1 0 0
1398 4 0 0 1 0 0 2 0 0
1400 1 0 0 0 0 0 1 0 0
1405 3 0 0 1 0 0 0 0 0
1408 3 0 0 2 0 0 1 0 0
1409 4 1 1 1 0 0 1 0 0
1410 3 0 0 2 0 0 1 0 0
1411 1 0 0 0 0 0 1 0 0
1412 1 0 0 1 0 0 0 0 0
1413 2 0 0 2 0 0 0 0 0
1418 2 0 0 1 0 0 0 0 0
1419 6 1 1 1 0 0 1 0 0
1423 1 0 0 1 0 0 0 0 0
1425 2 0 0 1 1 1 0 0 0
1426 1 0 0 0 0 0 1 0 0
1427 2 0 0 1 0 0 1 0 0
1432 2 0 0 0 0 0 0 0 0
1433 9 1 1 1 1 1 0 0 0
1435 2 0 0 1 0 0 1 1 1
1436 2 0 0 1 1 1 1 0 0
1441 3 0 0 1 0 0 0 0 0
1446 3 0 0 1 0 0 0 0 0
1627 4 0 0 2 0 0 0 0 0
1630 2 0 0 1 0 0 1 0 0
1634 3 0 0 1 0 0 0 0 0
1639 2 0 0 1 0 0 1 0 0
1640 1 0 0 0 0 0 1 0 0
1645 3 1 1 1 0 0 0 0 0
1648 1 1 1 0 0 0 0 0 0
1660 4 0 0 2 0 0 0 0 0
1664 3 0 0 1 0 0 0 0 0
1666 3 1 1 0 0 0 2 0 0
1667 5 0 0 1 0 0 4 0 0
1668 1 0 0 0 0 0 0 0 0
1670 5 0 0 4 0 0 0 0 0
1680 7 1 1 0 0 0 4 0 0
1757 4 0 0 2 0 0 0 0 0
1761 7 2 2 1 0 0 0 0 0
1762 1 0 0 0 0 0 0 0 0
1765 2 0 0 0 0 0 1 0 0
1766 1 0 0 1 0 0 0 0 0
1767 2 0 0 0 0 0 0 0 0
1768 2 0 0 1 0 0 0 0 0
1774 3 0 0 0 0 0 2 0 0
1775 12 1 1 3 0 0 4 0 0
1776 1 0 0 0 0 0 0 0 0
1778 4 0 0 4 0 0 0 0 0
1781 14 0 0 3 0 0 0 0 0
1782 12 0 0 8 0 0 0 0 0
1785 3 1 1 2 0 0 1 0 0
1786 3 0 0 1 0 0 0 0 0
1787 1 0 0 0 0 0 1 0 0
1789 10 1 1 0 0 0 0 0 0
1790 11 0 0 8 0 0 0 0 0
1800 2 1 1 0 0 0 1 0 0
1802 2 0 0 1 0 0 1 0 0
1803 3 0 0 1 0 0 0 0 0
1805 2 1 1 0 0 0 1 0 0
1807 3 0 0 0 0 0 0 0 0
1809 3 0 0 1 0 0 0 0 0
1810 1 0 0 1 0 0 0 0 0
1823 2 0 0 0 0 0 0 0 0
1824 2 0 0 1 0 0 1 0 0
1825 3 0 0 1 0 0 0 0 0
1836 5 1 1 1 0 0 1 0 0
1837 2 0 0 1 0 0 1 0 0
1838 6 0 0 0 0 0 2 0 0
1848 2 0 0 1 0 0 1 0 0
1849 3 0 0 1 0 0 0 0 0
1850 2 1 1 0 0 0 2 0 0
1852 3 0 0 1 0 0 0 0 0
1855 1 0 0 0 0 0 1 0 0
1857 3 0 0 1 0 0 0 0 0
2087 4 0 0 2 1 1 0 0 0
2095 1 1 1 1 0 0 0 0 0
2143 4 1 1 1 0 0 1 0 0
2147 4 0 0 2 0 0 2 0 0
2151 2 1 1 1 0 0 1 0 0
2154 2 0 0 0 0 0 0 0 0
2162 3 0 0 0 0 0 0 0 0
2208 5 2 2 1 0 0 1 0 0
2215 1 0 0 1 0 0 0 0 0
2217 3 0 0 0 0 0 2 0 0
2218 3 0 0 2 0 0 0 0 0
2219 21 1 1 6 0 0 2 0 0
2221 12 0 0 12 0 0 0 0 0
2226 8 1 1 8 0 0 0 0 0
2228 10 0 0 0 0 0 0 0 0
2230 1 1 1 0 0 0 1 0 0
2231 1 0 0 1 0 0 0 0 0
2234 4 0 0 4 0 0 0 0 0
2236 8 0 0 4 0 0 0 0 0
2237 33 0 0 9 2 0 15 0 0
2241 22 0 0 9 1 0 0 0 0
2242 3 0 0 0 0 0 2 0 0
2244 1 0 0 0 0 0 0 0 0
2246 4 1 1 2 0 0 2 0 0
2252 3 0 0 1 0 0 0 0 0
2257 5 2 2 2 0 0 0 0 0
2258 1 0 0 1 0 0 0 0 0
2263 2 0 0 1 0 0 1 0 0
2267 2 0 0 1 0 0 0 0 0
2281 3 1 1 2 1 0 0 0 0
2283 5 2 2 1 0 0 0 0 0
2298 3 1 1 0 0 0 2 0 0
2300 1 0 0 1 0 0 0 0 0
2301 8 0 0 3 0 0 5 0 0
2302 1 0 0 0 0 0 0 0 0
2304 5 1 1 4 0 0 0 0 0
2312 1 0 0 0 0 0 1 0 0
2316 3 0 0 1 0 0 0 0 0
2336 3 0 0 0 0 0 1 0 0
2337 1 0 0 0 0 0 1 0 0
2338 1 0 0 0 0 0 1 0 0
2343 1 0 0 0 0 0 1 0 0
2348 6 0 0 5 1 0 0 0 0
2518 2 0 0 1 0 0 1 0 0
2520 1 0 0 0 0 0 1 0 0
2521 1 0 0 0 0 0 1 1 1
2525 8 0 0 1 0 0 2 0 0
2527 15 1 1 3 0 0 3 1 1
2531 105 0 0 21 0 0 0 0 0
2532 19 0 0 0 0 0 0 0 0
2534 4 0 0 0 0 0 0 0 0
2540 12 0 0 2 2 2 0 0 0
2563 7 2 2 0 0 0 4 0 0
2570 7 2 2 0 0 0 4 0 0
2572 3 0 0 0 0 0 1 0 0
2617 3 1 1 1 0 0 0 0 0
2618 7 1 1 0 0 0 4 0 0
2620 3 0 0 0 0 0 1 0 0
2692 3 1 1 1 0 0 0 0 0
2725 3 0 0 1 0 0 0 0 0
fn=do_preload
819 9 2 2 0 0 0 5 0 0
821 1 0 0 0 0 0 1 0 0
825 1 0 0 0 0 0 1 1 1
826 1 0 0 0 0 0 1 0 0
827 1 0 0 0 0 0 1 0 0
829 2 0 0 1 0 0 1 0 0
831 9 1 1 0 0 0 3 1 1
832 3 0 0 1 0 0 0 0 0
840 4 0 0 2 0 0 0 0 0
846 6 0 0 5 0 0 0 0 0
fn=handle_ld_preload
109 3 0 0 1 0 0 0 0 0
906 7 1 1 0 0 0 5 0 0
907 1 0 0 0 0 0 1 1 1
911 8 0 0 4 0 0 0 0 0
915 2 1 1 0 0 0 0 0 0
917 8 1 1 2 0 0 5 0 0
918 3 0 0 0 0 0 2 0 0
925 4 0 0 0 0 0 0 0 0
928 2 0 0 1 0 0 0 0 0
929 9 1 1 3 0 0 3 0 0
932 7 0 0 6 0 0 0 0 0
fn=init_tls
732 6 1 1 0 0 0 4 0 0
734 2 1 1 1 0 0 1 0 0
738 2 0 0 1 0 0 0 0 0
739 1 0 0 0 0 0 0 0 0
744 2 0 0 0 0 0 1 1 1
747 1 0 0 0 0 0 1 0 0
748 4 0 0 0 0 0 3 0 0
753 1 0 0 0 0 0 0 0 0
755 1 0 0 0 0 0 1 0 0
759 2 0 0 1 1 1 0 0 0
760 1 0 0 0 0 0 0 0 0
761 11 1 1 1 0 0 0 0 0
762 8 1 1 4 0 0 0 0 0
763 8 0 0 4 0 0 0 0 0
767 1 0 0 0 0 0 1 0 0
769 1 0 0 0 0 0 0 0 0
771 2 0 0 0 0 0 0 0 0
774 1 0 0 0 0 0 1 0 0
781 2 1 1 0 0 0 1 0 0
782 2 0 0 0 0 0 0 0 0
788 2 0 0 1 0 0 1 0 0
796 18 1 1 2 0 0 7 0 0
800 1 1 1 0 0 0 1 0 0
802 2 0 0 0 0 0 0 0 0
803 5 0 0 4 0 0 0 0 0
fn=map_doit
640 5 1 1 1 0 0 2 0 0
642 10 1 1 3 0 0 5 1 1
644 3 0 0 3 0 0 0 0 0
fn=rtld_lock_default_lock_recursive
852 5 1 1 5 0 0 0 0 0
853 10 0 0 10 1 1 0 0 0
fn=rtld_lock_default_unlock_recursive
858 5 0 0 5 0 0 0 0 0
859 10 0 0 10 1 0 0 0 0
fn=security_init
866 5 1 1 0 0 0 3 0 0
868 1 0 0 1 0 0 0 0 0
870 1 0 0 0 0 0 1 0 0
877 1 0 0 1 0 0 0 0 0
879 1 0 0 0 0 0 1 0 0
881 1 0 0 0 0 0 1 0 0
886 1 0 0 0 0 0 1 0 0
887 4 0 0 3 0 0 0 0 0
fn=version_check_doit
672 6 1 1 1 0 0 3 0 0
674 6 0 0 2 0 0 1 0 0
678 4 0 0 3 0 0 0 0 0
fl=/build/eglibc-oD_LfC/eglibc-2.19/elf/setup-vdso.h
fn=dl_main
24 3 0 0 1 0 0 0 0 0
fl=/build/eglibc-oD_LfC/eglibc-2.19/io/../sysdeps/unix/syscall-template.S
fn=access
81 24 2 2 6 0 0 0 0 0
82 18 0 0 3 0 0 6 0 0
fn=close
81 21 1 1 3 0 0 0 0 0
82 3 0 0 3 0 0 0 0 0
fn=open
81 171 2 2 76 0 0 19 0 0
82 99 0 0 19 0 0 32 0 0
fn=read
81 18 1 1 8 0 0 2 0 0
82 2 0 0 2 0 0 0 0 0
fl=/build/eglibc-oD_LfC/eglibc-2.19/io/../sysdeps/unix/sysv/linux/fxstat64.c
fn=__fxstat64
33 9 1 1 0 0 0 6 0 0
35 24 1 1 6 0 0 0 0 0
41 6 0 0 6 0 0 0 0 0
fl=/build/eglibc-oD_LfC/eglibc-2.19/io/../sysdeps/unix/sysv/linux/xstat64.c
fn=__xstat64
33 48 1 1 0 0 0 32 0 0
35 173 0 0 32 0 0 15 0 0
41 32 0 0 32 0 0 0 0 0
fl=/build/eglibc-oD_LfC/eglibc-2.19/libio/genops.c
fn=_IO_cleanup
950 13 0 0 4 0 0 0 0 0
952 9 1 1 3 0 0 0 0 0
953 4 0 0 0 0 0 0 0 0
954 2 0 0 0 0 0 0 0 0
956 3 0 0 1 0 0 0 0 0
962 1 0 0 1 0 0 0 0 0
990 3 1 1 0 0 0 3 0 0
1010 7 1 1 0 0 0 5 0 0
1013 3 0 0 0 0 0 3 0 0
1025 7 0 0 6 0 0 0 0 0
fn=_IO_flush_all_lockp
822 8 1 1 1 0 0 5 0 0
823 1 0 0 0 0 0 1 0 0
828 3 1 1 0 0 0 1 0 0
833 1 0 0 1 1 1 0 0 0
834 1 1 1 1 1 1 0 0 0
835 8 0 0 0 0 0 0 0 0
837 3 0 0 0 0 0 3 0 0
838 6 0 0 0 0 0 0 0 0
839 3 1 1 1 0 0 1 0 0
841 18 2 2 9 5 5 0 0 0
851 6 0 0 0 0 0 0 0 0
853 3 0 0 0 0 0 3 0 0
855 9 1 1 3 0 0 0 0 0
862 6 0 0 3 2 2 0 0 0
866 2 1 1 0 0 0 0 0 0
868 3 0 0 1 0 0 0 0 0
872 7 1 1 6 0 0 0 0 0
fl=/build/eglibc-oD_LfC/eglibc-2.19/libio/oldstdfiles.c
fn=_IO_check_libio
77 4 1 1 0 0 0 3 0 0
78 3 1 1 1 0 0 0 0 0
91 3 1 1 3 0 0 0 0 0
fl=/build/eglibc-oD_LfC/eglibc-2.19/malloc/arena.c
fn=malloc_hook_ini
373 3 0 0 1 1 1 0 0 0
fn=ptmalloc_init.part.6
334 156 0 0 52 4 0 0 0 0
336 102 0 0 51 25 0 0 0 0
337 8 1 1 4 0 0 0 0 0
338 2 0 0 1 0 0 0 0 0
352 51 0 0 0 0 0 0 0 0
371 8 2 2 0 0 0 5 0 0
376 1 0 0 0 0 0 1 0 0
384 3 0 0 1 0 0 0 0 0
385 8 1 1 0 0 0 2 0 0
386 5 0 0 2 1 0 0 0 0
391 4 0 0 2 2 0 1 1 0
392 13 2 2 1 1 0 7 2 2
394 6 0 0 2 1 0 0 0 0
455 2 0 0 0 0 0 0 0 0
461 2 1 1 2 0 0 0 0 0
462 2 0 0 0 0 0 0 0 0
464 1 0 0 0 0 0 1 1 0
465 6 0 0 5 1 0 0 0 0
fl=/build/eglibc-oD_LfC/eglibc-2.19/malloc/hooks.c
fn=malloc_hook_ini
29 6 1 1 1 0 0 3 0 0
30 2 0 0 1 0 0 1 0 0
32 3 1 1 0 0 0 2 0 0
33 3 0 0 2 0 0 0 0 0
fl=/build/eglibc-oD_LfC/eglibc-2.19/malloc/malloc.c
fn=_int_malloc
1864 3 1 1 1 0 0 0 0 0
2273 6 1 1 2 2 0 3 0 0
2284 6 1 1 4 0 0 0 0 0
2299 6 0 0 3 0 0 0 0 0
2305 2 0 0 0 0 0 0 0 0
2307 8 2 2 0 0 0 7 0 0
2309 2 0 0 0 0 0 0 0 0
2324 3 0 0 0 0 0 0 0 0
2339 3 0 0 0 0 0 1 1 1
2344 4 1 1 2 0 0 0 0 0
2345 5 0 0 2 0 0 0 0 0
2348 4 0 0 2 1 0 0 0 0
2349 5 1 1 2 0 0 0 0 0
3304 8 1 1 0 0 0 6 0 0
3334 11 1 1 1 0 0 1 0 0
3342 2 0 0 1 0 0 0 0 0
3379 2 1 1 1 0 0 0 0 0
3381 1 0 0 1 0 0 0 0 0
3423 23 4 4 4 0 0 1 0 0
3424 2 1 1 1 0 0 0 0 0
3425 2 0 0 0 0 0 1 0 0
3444 5 1 1 2 0 0 1 0 0
3464 2 0 0 0 0 0 1 0 0
3578 2 1 1 1 0 0 0 0 0
3580 2 2 2 1 0 0 0 0 0
3583 3 0 0 1 0 0 0 0 0
3651 2 0 0 1 0 0 0 0 0
3652 1 0 0 0 0 0 0 0 0
3653 2 0 0 0 0 0 0 0 0
3654 1 0 0 1 0 0 0 0 0
3655 2 0 0 0 0 0 0 0 0
3660 7 1 1 1 0 0 1 0 0
3664 3 0 0 0 0 0 0 0 0
3767 1 0 0 1 0 0 0 0 0
3768 3 0 0 1 0 0 0 0 0
3770 2 1 1 1 0 0 0 0 0
3787 2 0 0 1 0 0 0 0 0
3792 6 0 0 1 0 0 2 0 0
3794 25 1 1 0 0 0 10 0 0
3803 2 1 1 0 0 0 0 0 0
3808 7 0 0 5 0 0 0 0 0
fn=free
2914 5 2 2 1 0 0 2 0 0
2919 2 0 0 2 2 2 0 0 0
2920 2 0 0 0 0 0 0 0 0
2926 2 0 0 0 0 0 0 0 0
2929 1 0 0 0 0 0 0 0 0
2931 3 0 0 1 1 1 0 0 0
2934 3 1 1 1 1 1 0 0 0
2935 2 0 0 1 1 1 0 0 0
2936 2 0 0 0 0 0 0 0 0
2943 2 0 0 0 0 0 0 0 0
2949 2 0 0 1 0 0 0 0 0
fn=malloc
2878 10 1 1 0 0 0 6 0 0
2883 4 0 0 4 2 0 0 0 0
2884 4 0 0 0 0 0 0 0 0
2885 6 1 1 2 0 0 3 0 0
2887 3 0 0 3 0 0 0 0 0
2889 7 1 1 2 0 0 0 0 0
2893 4 0 0 1 0 0 1 0 0
2894 2 0 0 0 0 0 0 0 0
2905 4 0 0 2 0 0 0 0 0
2906 4 1 1 1 0 0 0 0 0
2909 8 0 0 6 1 0 0 0 0
fn=malloc_consolidate
4106 8 1 1 0 0 0 5 0 0
4128 3 1 1 1 0 0 0 0 0
4198 1 0 0 0 0 0 0 0 0
4201 5 1 1 4 0 0 0 0 0
fn=malloc_init_state
1782 8 1 1 0 0 0 3 0 0
1787 254 0 0 0 0 0 0 0 0
1790 381 0 0 0 0 0 254 17 16
1794 3 0 0 0 0 0 0 0 0
1798 1 0 0 0 0 0 1 0 0
1799 2 0 0 0 0 0 1 0 0
1801 1 0 0 0 0 0 1 0 0
1802 4 1 1 4 0 0 0 0 0
fn=munmap_chunk
2804 6 1 1 0 0 0 4 0 0
2805 3 0 0 1 0 0 0 0 0
2807 2 0 0 0 0 0 0 0 0
2809 3 0 0 1 0 0 0 0 0
2810 1 0 0 0 0 0 0 0 0
2816 7 0 0 2 1 1 0 0 0
2823 1 1 1 2 0 0 0 0 0
2824 3 0 0 2 0 0 0 0 0
2829 3 0 0 0 0 0 3 0 0
2830 5 0 0 4 0 0 0 0 0
fl=/build/eglibc-oD_LfC/eglibc-2.19/misc/../sysdeps/unix/syscall-template.S
fn=mprotect
81 36 1 1 16 0 0 4 0 0
82 4 0 0 4 0 0 0 0 0
fn=munmap
81 16 2 2 5 0 0 1 0 0
82 2 0 0 2 0 0 0 0 0
fl=/build/eglibc-oD_LfC/eglibc-2.19/misc/../sysdeps/unix/sysv/linux/i386/mmap.S
fn=mmap
29 9 2 2 0 0 0 9 0 0
31 9 0 0 0 0 0 9 0 0
33 9 0 0 0 0 0 9 0 0
35 9 0 0 0 0 0 9 0 0
38 9 0 0 9 0 0 0 0 0
40 9 0 0 9 0 0 0 0 0
41 9 0 0 9 0 0 0 0 0
42 9 0 0 9 0 0 0 0 0
44 9 0 0 9 0 0 0 0 0
46 9 0 0 9 0 0 0 0 0
48 9 1 1 0 0 0 0 0 0
49 9 0 0 0 0 0 0 0 0
50 9 0 0 0 0 0 0 0 0
51 9 0 0 0 0 0 0 0 0
53 9 1 1 0 0 0 0 0 0
56 9 0 0 1 0 0 1 0 0
59 9 0 0 9 0 0 0 0 0
62 9 0 0 9 0 0 0 0 0
65 9 0 0 9 0 0 0 0 0
68 9 0 0 9 0 0 0 0 0
73 9 0 0 0 0 0 0 0 0
74 9 0 0 0 0 0 0 0 0
77 9 0 0 9 0 0 0 0 0
fl=/build/eglibc-oD_LfC/eglibc-2.19/misc/init-misc.c
fn=__init_misc
30 7 1 1 1 0 0 4 0 0
31 5 0 0 1 0 0 0 0 0
33 3 0 0 0 0 0 3 0 0
34 2 0 0 0 0 0 0 0 0
37 3 0 0 1 0 0 1 0 0
38 3 1 1 2 0 0 1 0 0
40 5 0 0 4 0 0 0 0 0
fl=/build/eglibc-oD_LfC/eglibc-2.19/nptl/../nptl/sysdeps/unix/sysv/linux/register-atfork.c
fn=__linkin_atfork
114 4 1 1 1 0 0 2 0 0
116 2 0 0 1 1 1 1 0 0
117 6 0 0 2 0 0 0 0 0
119 2 0 0 2 0 0 0 0 0
fl=/build/eglibc-oD_LfC/eglibc-2.19/nptl/../nptl/sysdeps/unix/sysv/linux/unregister-atfork.c
fn=__unregister_atfork
28 9 1 1 1 0 0 5 0 0
36 1 0 0 1 1 1 0 0 0
39 4 1 1 0 0 0 0 0 0
40 2 0 0 1 1 1 0 0 0
45 1 0 0 1 0 0 0 0 0
121 6 0 0 5 0 0 0 0 0
fl=/build/eglibc-oD_LfC/eglibc-2.19/posix/../sysdeps/unix/syscall-template.S
fn=uname
81 7 1 1 1 0 0 0 0 0
82 1 0 0 1 0 0 0 0 0
fl=/build/eglibc-oD_LfC/eglibc-2.19/posix/../sysdeps/unix/sysv/linux/i386/_exit.S
fn=_Exit
24 1 1 1 1 0 0 0 0 0
28 1 0 0 0 0 0 0 0 0
29 1 1 1 1 0 0 1 0 0
fl=/build/eglibc-oD_LfC/eglibc-2.19/setjmp/../sysdeps/i386/bsd-_setjmp.S
fn=_setjmp
33 1 1 1 0 0 0 0 0 0
34 1 0 0 1 0 0 0 0 0
37 1 0 0 0 0 0 1 0 0
38 1 0 0 0 0 0 1 0 0
39 1 0 0 0 0 0 1 0 0
40 1 0 0 0 0 0 0 0 0
42 2 0 0 1 0 0 0 0 0
44 1 0 0 0 0 0 1 0 0
45 1 0 0 1 0 0 0 0 0
48 2 0 0 1 0 0 0 0 0
50 1 0 0 0 0 0 1 0 0
51 1 1 1 0 0 0 1 0 0
53 1 0 0 0 0 0 1 0 0
54 1 0 0 1 0 0 0 0 0
fl=/build/eglibc-oD_LfC/eglibc-2.19/setjmp/../sysdeps/i386/setjmp.S
fn=__sigsetjmp
30 3 1 1 3 0 0 0 0 0
33 3 0 0 0 0 0 3 0 0
34 3 0 0 0 0 0 3 0 0
35 3 0 0 0 0 0 3 0 0
36 3 0 0 0 0 0 0 0 0
40 3 0 0 0 0 0 3 0 0
41 3 0 0 3 0 0 0 0 0
46 3 0 0 0 0 0 3 0 0
47 3 0 0 0 0 0 3 0 0
51 3 0 0 0 0 0 0 0 0
52 3 0 0 3 0 0 0 0 0
fl=/build/eglibc-oD_LfC/eglibc-2.19/stdlib/cxa_atexit.c
fn=__cxa_atexit
35 3 0 0 0 0 0 2 0 0
37 2 0 0 0 0 0 0 0 0
41 3 0 0 2 0 0 0 0 0
43 1 1 1 0 0 0 1 0 0
44 2 0 0 1 0 0 1 0 0
45 2 0 0 1 0 0 1 0 0
47 1 0 0 0 0 0 1 0 0
48 1 0 0 0 0 0 0 0 0
57 4 1 1 0 0 0 2 0 0
59 3 0 0 2 0 0 0 0 0
fn=__new_exitfn
73 7 1 1 0 0 0 5 0 0
74 3 0 0 0 0 0 0 0 0
79 6 1 1 2 1 1 0 0 0
81 9 1 1 3 1 0 0 0 0
83 3 0 0 1 1 1 0 0 0
91 1 0 0 0 0 0 1 0 0
112 1 1 1 0 0 0 0 0 0
113 2 0 0 0 0 0 1 0 0
126 1 1 1 0 0 0 1 0 0
127 2 0 0 2 1 1 0 0 0
130 4 0 0 2 0 0 0 0 0
133 7 0 0 5 0 0 0 0 0
fl=/build/eglibc-oD_LfC/eglibc-2.19/stdlib/cxa_finalize.c
fn=__cxa_finalize
31 8 1 1 1 0 0 5 0 0
35 9 1 1 3 0 0 2 0 0
39 10 1 1 2 0 0 1 0 0
67 7 2 2 2 0 0 0 0 0
71 8 0 0 1 1 1 0 0 0
79 2 0 0 0 0 0 0 0 0
80 2 0 0 0 0 0 1 0 0
82 5 0 0 4 0 0 0 0 0
fl=/build/eglibc-oD_LfC/eglibc-2.19/stdlib/cxa_thread_atexit_impl.c
fn=__call_tls_dtors
82 7 1 1 0 0 0 5 0 0
83 8 1 1 2 2 2 1 0 0
86 1 0 0 0 0 0 1 0 0
101 6 1 1 5 0 0 0 0 0
fl=/build/eglibc-oD_LfC/eglibc-2.19/stdlib/exit.c
fn=__run_exit_handlers
35 11 2 2 3 0 0 6 0 0
40 2 0 0 1 0 0 1 0 0
46 9 0 0 2 1 1 0 0 0
50 6 0 0 0 0 0 0 0 0
52 1 0 0 0 0 0 1 0 0
53 1 0 0 0 0 0 0 0 0
54 5 0 0 1 0 0 0 0 0
80 3 1 1 2 0 0 0 0 0
82 4 0 0 1 0 0 3 0 0
83 1 0 0 0 0 0 0 0 0
87 2 1 1 1 0 0 1 0 0
88 2 0 0 0 0 0 0 0 0
94 2 0 0 1 0 0 0 0 0
95 8 0 0 1 1 1 1 0 0
97 2 0 0 0 0 0 2 0 0
fn=exit
103 4 1 1 0 0 0 2 0 0
104 6 1 1 1 0 0 4 0 0
fl=/build/eglibc-oD_LfC/eglibc-2.19/stdlib/rand.c
fn=rand
26 400000 1 1 0 0 0 200000 0 0
27 100000 0 0 0 0 0 100000 0 0
28 300000 0 0 200000 0 0 0 0 0
fl=/build/eglibc-oD_LfC/eglibc-2.19/stdlib/random.c
fn=random
293 400000 2 2 0 0 0 200000 0 0
296 600000 0 0 200000 1 1 0 0 0
298 500000 0 0 0 0 0 300000 0 0
300 400000 1 1 200000 0 0 0 0 0
303 400000 0 0 300000 0 0 0 0 0
fl=/build/eglibc-oD_LfC/eglibc-2.19/stdlib/random_r.c
fn=random_r
363 800000 1 1 100000 0 0 500000 0 0
366 500000 0 0 100000 0 0 0 0 0
369 103225 0 0 100000 0 0 0 0 0
371 300000 0 0 100000 1 0 0 0 0
380 100000 0 0 100000 0 0 0 0 0
381 100000 0 0 100000 0 0 0 0 0
382 200000 1 1 100000 0 0 100000 0 0
385 300000 0 0 200000 3 2 100000 0 0
387 300000 0 0 100000 0 0 100000 0 0
388 100000 0 0 0 0 0 0 0 0
389 200000 0 0 100000 0 0 0 0 0
392 6450 0 0 0 0 0 0 0 0
396 96775 0 0 0 0 0 0 0 0
397 193550 0 0 96775 0 0 0 0 0
400 100000 0 0 0 0 0 100000 0 0
401 100000 0 0 0 0 0 100000 0 0
403 100000 0 0 0 0 0 0 0 0
408 600000 0 0 500000 0 0 0 0 0
fl=/build/eglibc-oD_LfC/eglibc-2.19/string/../bits/stdlib-bsearch.h
fn=intel_check_word
27 30 1 1 0 0 0 0 0 0
28 120 0 0 0 0 0 30 0 0
29 378 0 0 126 0 0 0 0 0
31 682 0 0 196 0 0 0 0 0
32 196 0 0 0 0 0 0 0 0
37 126 0 0 0 0 0 63 0 0
fl=/build/eglibc-oD_LfC/eglibc-2.19/string/../sysdeps/i386/i686/multiarch/../../i586/strchr.S
fn=index
45 7 1 1 0 0 0 7 0 0
47 7 0 0 0 0 0 7 0 0
50 7 0 0 0 0 0 7 0 0
52 7 0 0 0 0 0 7 0 0
55 7 0 0 7 0 0 0 0 0
56 7 0 0 7 0 0 0 0 0
58 7 0 0 0 0 0 0 0 0
60 7 0 0 0 0 0 0 0 0
66 7 1 1 0 0 0 0 0 0
67 7 0 0 0 0 0 0 0 0
69 7 0 0 0 0 0 0 0 0
70 7 0 0 0 0 0 0 0 0
72 7 0 0 0 0 0 0 0 0
73 7 0 0 0 0 0 0 0 0
75 7 0 0 0 0 0 0 0 0
77 4 0 0 0 0 0 0 0 0
78 4 0 0 0 0 0 0 0 0
80 4 0 0 4 2 2 0 0 0
81 4 0 0 0 0 0 0 0 0
83 4 0 0 0 0 0 0 0 0
84 4 0 0 0 0 0 0 0 0
86 4 0 0 4 0 0 0 0 0
87 4 0 0 0 0 0 0 0 0
89 4 0 0 0 0 0 0 0 0
90 4 0 0 0 0 0 0 0 0
92 4 0 0 0 0 0 0 0 0
93 4 0 0 0 0 0 0 0 0
95 4 0 0 0 0 0 0 0 0
96 4 0 0 0 0 0 0 0 0
98 4 0 0 0 0 0 0 0 0
100 3 0 0 3 0 0 0 0 0
102 3 0 0 0 0 0 0 0 0
103 3 0 0 0 0 0 0 0 0
105 3 0 0 0 0 0 0 0 0
106 3 0 0 0 0 0 0 0 0
108 3 0 0 0 0 0 0 0 0
118 7 1 1 7 1 1 0 0 0
119 7 0 0 0 0 0 0 0 0
121 7 0 0 0 0 0 0 0 0
122 7 0 0 0 0 0 0 0 0
147 9 0 0 0 0 0 0 0 0
148 9 0 0 0 0 0 0 0 0
150 9 0 0 0 0 0 0 0 0
151 9 0 0 0 0 0 0 0 0
153 9 0 0 0 0 0 0 0 0
154 9 0 0 0 0 0 0 0 0
156 9 0 0 0 0 0 0 0 0
157 9 0 0 0 0 0 0 0 0
159 9 1 1 0 0 0 0 0 0
160 9 0 0 0 0 0 0 0 0
162 9 0 0 9 0 0 0 0 0
163 9 0 0 0 0 0 0 0 0
165 9 0 0 0 0 0 0 0 0
166 9 0 0 0 0 0 0 0 0
168 9 0 0 0 0 0 0 0 0
169 9 0 0 0 0 0 0 0 0
171 9 0 0 0 0 0 0 0 0
172 9 0 0 0 0 0 0 0 0
174 9 0 0 0 0 0 0 0 0
175 9 0 0 0 0 0 0 0 0
177 8 0 0 0 0 0 0 0 0
178 8 0 0 0 0 0 0 0 0
180 8 0 0 0 0 0 0 0 0
181 8 0 0 0 0 0 0 0 0
183 8 0 0 0 0 0 0 0 0
184 8 0 0 0 0 0 0 0 0
186 8 0 0 0 0 0 0 0 0
187 8 1 1 0 0 0 0 0 0
189 6 0 0 0 0 0 0 0 0
190 6 0 0 0 0 0 0 0 0
192 6 0 0 6 0 0 0 0 0
193 6 0 0 0 0 0 0 0 0
195 6 0 0 0 0 0 0 0 0
196 6 0 0 0 0 0 0 0 0
198 6 0 0 0 0 0 0 0 0
199 6 0 0 0 0 0 0 0 0
201 6 0 0 0 0 0 0 0 0
202 6 0 0 0 0 0 0 0 0
204 6 0 0 0 0 0 0 0 0
205 6 0 0 0 0 0 0 0 0
207 6 0 0 0 0 0 0 0 0
208 6 0 0 0 0 0 0 0 0
210 6 0 0 0 0 0 0 0 0
211 6 0 0 0 0 0 0 0 0
213 6 0 0 0 0 0 0 0 0
214 6 1 1 0 0 0 0 0 0
216 6 0 0 0 0 0 0 0 0
217 6 0 0 0 0 0 0 0 0
219 5 0 0 0 0 0 0 0 0
220 5 0 0 0 0 0 0 0 0
222 5 0 0 5 0 0 0 0 0
223 5 0 0 0 0 0 0 0 0
225 5 0 0 0 0 0 0 0 0
226 5 0 0 0 0 0 0 0 0
228 5 0 0 0 0 0 0 0 0
229 5 0 0 0 0 0 0 0 0
231 5 0 0 0 0 0 0 0 0
232 5 0 0 0 0 0 0 0 0
234 5 0 0 0 0 0 0 0 0
235 5 0 0 0 0 0 0 0 0
237 5 0 0 0 0 0 0 0 0
238 5 0 0 0 0 0 0 0 0
240 5 0 0 0 0 0 0 0 0
241 5 0 0 0 0 0 0 0 0
243 3 0 0 0 0 0 0 0 0
244 3 0 0 0 0 0 0 0 0
246 3 0 0 0 0 0 0 0 0
247 3 0 0 0 0 0 0 0 0
249 2 0 0 0 0 0 0 0 0
250 2 0 0 0 0 0 0 0 0
252 2 0 0 2 0 0 0 0 0
253 2 0 0 0 0 0 0 0 0
255 2 0 0 0 0 0 0 0 0
256 2 0 0 0 0 0 0 0 0
258 2 0 0 0 0 0 0 0 0
259 2 0 0 0 0 0 0 0 0
261 2 0 0 0 0 0 0 0 0
262 2 0 0 0 0 0 0 0 0
264 2 0 0 0 0 0 0 0 0
266 2 0 0 0 0 0 0 0 0
270 1 0 0 0 0 0 0 0 0
271 1 0 0 0 0 0 0 0 0
273 1 0 0 0 0 0 0 0 0
288 7 1 1 7 0 0 0 0 0
291 7 0 0 7 0 0 0 0 0
295 7 0 0 7 0 0 0 0 0
298 7 0 0 7 0 0 0 0 0
302 7 0 0 7 0 0 0 0 0
311 6 0 0 0 0 0 0 0 0
312 6 0 0 0 0 0 0 0 0
314 6 0 0 0 0 0 0 0 0
316 6 0 0 0 0 0 0 0 0
317 6 0 0 0 0 0 0 0 0
319 5 0 0 0 0 0 0 0 0
321 5 0 0 0 0 0 0 0 0
322 5 0 0 0 0 0 0 0 0
324 5 0 0 0 0 0 0 0 0
325 5 0 0 0 0 0 0 0 0
327 4 0 0 0 0 0 0 0 0
328 4 0 0 0 0 0 0 0 0
330 4 0 0 0 0 0 0 0 0
331 4 0 0 0 0 0 0 0 0
333 4 0 0 0 0 0 0 0 0
334 4 0 0 0 0 0 0 0 0
342 6 0 0 0 0 0 0 0 0
343 6 0 0 0 0 0 0 0 0
fl=/build/eglibc-oD_LfC/eglibc-2.19/string/../sysdeps/i386/i686/multiarch/../../i586/strlen.S
fn=strlen
43 14 1 1 14 0 0 0 0 0
44 14 0 0 0 0 0 0 0 0
46 14 0 0 0 0 0 0 0 0
48 14 0 0 0 0 0 0 0 0
49 4 0 0 0 0 0 0 0 0
51 3 0 0 3 0 0 0 0 0
52 3 0 0 0 0 0 0 0 0
54 3 0 0 0 0 0 0 0 0
55 3 0 0 3 0 0 0 0 0
57 3 0 0 0 0 0 0 0 0
59 3 0 0 0 0 0 0 0 0
60 3 0 0 0 0 0 0 0 0
62 3 0 0 0 0 0 0 0 0
64 3 0 0 3 1 1 0 0 0
65 3 0 0 0 0 0 0 0 0
67 2 0 0 0 0 0 0 0 0
68 2 0 0 0 0 0 0 0 0
94 21 1 1 21 2 2 0 0 0
95 21 0 0 0 0 0 0 0 0
97 21 0 0 0 0 0 0 0 0
98 21 0 0 0 0 0 0 0 0
100 21 0 0 0 0 0 0 0 0
101 21 0 0 0 0 0 0 0 0
103 21 0 0 0 0 0 0 0 0
105 21 0 0 0 0 0 0 0 0
107 21 0 0 0 0 0 0 0 0
110 21 0 0 21 0 0 0 0 0
111 21 0 0 0 0 0 0 0 0
113 21 0 0 0 0 0 0 0 0
114 21 0 0 0 0 0 0 0 0
116 21 0 0 0 0 0 0 0 0
117 21 0 0 0 0 0 0 0 0
119 18 0 0 0 0 0 0 0 0
121 18 0 0 0 0 0 0 0 0
123 18 0 0 0 0 0 0 0 0
126 16 0 0 16 0 0 0 0 0
127 16 0 0 0 0 0 0 0 0
129 16 0 0 0 0 0 0 0 0
130 16 0 0 0 0 0 0 0 0
132 16 0 0 0 0 0 0 0 0
133 16 0 0 0 0 0 0 0 0
135 16 0 0 0 0 0 0 0 0
137 16 0 0 0 0 0 0 0 0
139 16 0 0 0 0 0 0 0 0
142 16 0 0 16 0 0 0 0 0
143 16 0 0 0 0 0 0 0 0
145 16 0 0 0 0 0 0 0 0
146 16 0 0 0 0 0 0 0 0
148 16 0 0 0 0 0 0 0 0
149 16 0 0 0 0 0 0 0 0
151 10 0 0 0 0 0 0 0 0
153 10 0 0 0 0 0 0 0 0
155 10 0 0 0 0 0 0 0 0
158 13 1 1 0 0 0 0 0 0
159 13 1 1 0 0 0 0 0 0
161 13 0 0 0 0 0 0 0 0
162 13 0 0 0 0 0 0 0 0
164 9 0 0 0 0 0 0 0 0
165 9 0 0 0 0 0 0 0 0
167 9 0 0 0 0 0 0 0 0
169 4 0 0 0 0 0 0 0 0
170 4 0 0 0 0 0 0 0 0
172 4 0 0 0 0 0 0 0 0
173 4 0 0 0 0 0 0 0 0
177 14 0 0 14 0 0 0 0 0
180 14 0 0 14 0 0 0 0 0
fl=/build/eglibc-oD_LfC/eglibc-2.19/string/../sysdeps/i386/i686/multiarch/../../strrchr.S
fn=__GI_strrchr
33 1 1 1 0 0 0 1 0 0
36 1 0 0 0 0 0 1 0 0
39 1 0 0 0 0 0 0 0 0
40 1 0 0 1 0 0 0 0 0
42 1 0 0 1 0 0 0 0 0
48 1 0 0 0 0 0 0 0 0
49 1 0 0 0 0 0 0 0 0
50 1 0 0 0 0 0 0 0 0
51 1 0 0 0 0 0 0 0 0
64 1 0 0 0 0 0 0 0 0
65 1 0 0 0 0 0 0 0 0
66 1 0 0 1 1 0 0 0 0
67 1 0 0 0 0 0 0 0 0
68 1 0 0 0 0 0 0 0 0
70 1 0 0 0 0 0 0 0 0
71 1 0 0 0 0 0 0 0 0
72 1 0 0 0 0 0 0 0 0
74 1 0 0 0 0 0 0 0 0
75 1 0 0 0 0 0 0 0 0
154 1 0 0 0 0 0 0 0 0
155 1 0 0 0 0 0 0 0 0
156 1 0 0 0 0 0 0 0 0
157 1 0 0 0 0 0 0 0 0
158 1 0 0 0 0 0 0 0 0
166 1 0 0 0 0 0 0 0 0
167 1 0 0 0 0 0 0 0 0
168 1 0 0 0 0 0 0 0 0
171 1 0 0 0 0 0 0 0 0
173 2 1 1 2 0 0 0 0 0
174 2 0 0 0 0 0 0 0 0
175 2 0 0 0 0 0 0 0 0
186 2 0 0 0 0 0 0 0 0
190 2 0 0 0 0 0 0 0 0
193 2 0 0 0 0 0 0 0 0
194 2 0 0 0 0 0 0 0 0
198 2 1 1 0 0 0 0 0 0
204 2 0 0 0 0 0 0 0 0
206 2 0 0 0 0 0 0 0 0
207 2 0 0 0 0 0 0 0 0
210 2 0 0 0 0 0 0 0 0
211 2 0 0 0 0 0 0 0 0
212 2 0 0 0 0 0 0 0 0
213 2 0 0 0 0 0 0 0 0
215 2 0 0 0 0 0 0 0 0
217 1 0 0 1 0 0 0 0 0
218 1 0 0 0 0 0 0 0 0
219 1 0 0 0 0 0 0 0 0
222 1 0 0 0 0 0 0 0 0
223 1 0 0 0 0 0 0 0 0
224 1 0 0 0 0 0 0 0 0
225 1 0 0 0 0 0 0 0 0
227 1 0 0 0 0 0 0 0 0
228 1 0 0 0 0 0 0 0 0
230 1 0 0 0 0 0 0 0 0
231 1 0 0 0 0 0 0 0 0
234 1 1 1 0 0 0 0 0 0
235 1 0 0 0 0 0 0 0 0
236 1 0 0 0 0 0 0 0 0
237 1 0 0 0 0 0 0 0 0
239 1 0 0 0 0 0 0 0 0
241 1 0 0 1 0 0 0 0 0
242 1 0 0 0 0 0 0 0 0
243 1 0 0 0 0 0 0 0 0
246 1 0 0 0 0 0 0 0 0
247 1 0 0 0 0 0 0 0 0
248 1 0 0 0 0 0 0 0 0
249 1 0 0 0 0 0 0 0 0
251 1 0 0 0 0 0 0 0 0
252 1 0 0 0 0 0 0 0 0
254 1 0 0 0 0 0 0 0 0
255 1 0 0 0 0 0 0 0 0
258 1 0 0 0 0 0 0 0 0
259 1 0 0 0 0 0 0 0 0
260 1 1 1 0 0 0 0 0 0
261 1 0 0 0 0 0 0 0 0
263 1 0 0 0 0 0 0 0 0
265 1 0 0 1 0 0 0 0 0
266 1 0 0 0 0 0 0 0 0
267 1 0 0 0 0 0 0 0 0
270 1 0 0 0 0 0 0 0 0
290 1 1 1 0 0 0 0 0 0
291 1 0 0 0 0 0 0 0 0
292 1 0 0 0 0 0 0 0 0
300 1 0 0 0 0 0 0 0 0
301 1 0 0 0 0 0 0 0 0
303 1 0 0 0 0 0 0 0 0
304 1 0 0 0 0 0 0 0 0
306 1 0 0 0 0 0 0 0 0
307 1 0 0 0 0 0 0 0 0
309 1 0 0 0 0 0 0 0 0
310 1 0 0 0 0 0 0 0 0
312 1 0 0 0 0 0 0 0 0
313 1 0 0 0 0 0 0 0 0
314 1 0 0 0 0 0 0 0 0
316 1 0 0 0 0 0 0 0 0
317 1 0 0 0 0 0 0 0 0
319 1 0 0 0 0 0 0 0 0
320 1 0 0 0 0 0 0 0 0
323 1 0 0 1 0 0 0 0 0
326 1 0 0 1 0 0 0 0 0
330 1 0 0 1 0 0 0 0 0
fl=/build/eglibc-oD_LfC/eglibc-2.19/string/../sysdeps/i386/i686/multiarch/../memcmp.S
fn=bcmp
46 12 1 1 0 0 0 12 0 0
48 12 0 0 12 0 0 0 0 0
49 12 0 0 12 0 0 0 0 0
50 12 0 0 12 0 0 0 0 0
52 12 0 0 0 0 0 0 0 0
53 12 1 1 0 0 0 0 0 0
71 12 0 0 0 0 0 0 0 0
73 12 0 0 0 0 0 12 0 0
75 12 0 0 0 0 0 0 0 0
77 12 0 0 0 0 0 0 0 0
78 48 0 0 12 2 2 12 0 0
81 12 0 0 0 0 0 0 0 0
82 12 0 0 0 0 0 0 0 0
83 12 0 0 0 0 0 0 0 0
97 1 0 0 1 1 1 0 0 0
98 1 0 0 1 0 0 0 0 0
99 1 0 0 0 0 0 0 0 0
100 1 0 0 0 0 0 0 0 0
102 4 0 0 4 2 2 0 0 0
103 4 0 0 4 0 0 0 0 0
104 4 0 0 0 0 0 0 0 0
105 4 0 0 0 0 0 0 0 0
107 5 1 1 5 0 0 0 0 0
108 5 0 0 5 1 1 0 0 0
109 5 0 0 0 0 0 0 0 0
110 5 1 1 0 0 0 0 0 0
112 5 0 0 5 1 1 0 0 0
113 5 0 0 5 0 0 0 0 0
114 5 0 0 0 0 0 0 0 0
115 5 0 0 0 0 0 0 0 0
117 5 0 0 5 0 0 0 0 0
118 5 0 0 5 0 0 0 0 0
119 5 0 0 0 0 0 0 0 0
120 5 0 0 0 0 0 0 0 0
122 5 0 0 5 0 0 0 0 0
125 5 0 0 0 0 0 0 0 0
126 10 0 0 10 0 0 0 0 0
256 1 0 0 1 1 1 0 0 0
257 1 0 0 1 1 1 0 0 0
258 1 0 0 0 0 0 0 0 0
259 1 0 0 0 0 0 0 0 0
261 5 1 1 5 0 0 0 0 0
262 5 0 0 5 3 3 0 0 0
263 5 0 0 0 0 0 0 0 0
264 5 0 0 0 0 0 0 0 0
266 4 0 0 4 0 0 0 0 0
267 4 1 1 4 0 0 0 0 0
268 4 0 0 0 0 0 0 0 0
269 4 0 0 0 0 0 0 0 0
270 4 0 0 0 0 0 0 0 0
271 4 0 0 0 0 0 0 0 0
272 4 0 0 4 0 0 0 0 0
273 4 0 0 4 0 0 0 0 0
274 4 0 0 0 0 0 0 0 0
275 4 0 0 4 0 0 0 0 0
278 4 0 0 0 0 0 0 0 0
279 8 0 0 8 0 0 0 0 0
349 3 1 1 0 0 0 0 0 0
350 3 0 0 0 0 0 0 0 0
361 3 0 0 0 0 0 0 0 0
362 3 0 0 0 0 0 0 0 0
363 3 1 1 3 0 0 0 0 0
366 6 0 0 6 0 0 0 0 0
fl=/build/eglibc-oD_LfC/eglibc-2.19/string/../sysdeps/i386/i686/multiarch/../memcpy.S
fn=memcpy
40 13 2 1 0 0 0 0 0 0
41 13 0 0 13 0 0 0 0 0
42 13 0 0 0 0 0 0 0 0
43 13 0 0 13 0 0 0 0 0
45 13 0 0 0 0 0 0 0 0
46 13 0 0 0 0 0 0 0 0
47 13 0 0 0 0 0 0 0 0
48 13 0 0 13 0 0 0 0 0
49 13 0 0 0 0 0 0 0 0
50 13 0 0 0 0 0 0 0 0
52 9 0 0 0 0 0 0 0 0
53 9 0 0 0 0 0 0 0 0
55 9 0 0 0 0 0 0 0 0
56 9 0 0 0 0 0 0 0 0
67 9 0 0 0 0 0 9 0 0
68 9 0 0 0 0 0 0 0 0
69 9 1 0 0 0 0 0 0 0
70 9 0 0 0 0 0 0 0 0
71 51 0 0 42 0 0 42 3 3
73 9 0 0 0 0 0 0 0 0
74 18 0 0 9 0 0 9 0 0
76 9 0 0 9 0 0 0 0 0
78 13 0 0 0 0 0 0 0 0
79 13 0 0 0 0 0 0 0 0
80 13 0 0 13 0 0 0 0 0
82 13 0 0 13 0 0 0 0 0
88 4 1 1 0 0 0 0 0 0
89 4 0 0 0 0 0 0 0 0
90 3 0 0 3 0 0 3 2 2
91 4 0 0 0 0 0 0 0 0
92 4 0 0 0 0 0 0 0 0
93 2 0 0 2 0 0 2 1 1
94 20 0 0 16 0 0 16 0 0
96 4 0 0 0 0 0 0 0 0
fl=/build/eglibc-oD_LfC/eglibc-2.19/string/../sysdeps/i386/i686/multiarch/../mempcpy.S
fn=mempcpy
40 49 1 1 49 0 0 0 0 0
41 49 0 0 0 0 0 0 0 0
43 49 0 0 49 0 0 0 0 0
44 49 0 0 0 0 0 0 0 0
46 49 0 0 49 0 0 0 0 0
47 49 0 0 0 0 0 0 0 0
48 49 0 0 0 0 0 0 0 0
49 49 0 0 0 0 0 0 0 0
50 14 0 0 14 1 1 14 2 2
51 49 0 0 0 0 0 0 0 0
52 49 0 0 0 0 0 0 0 0
53 32 0 0 32 0 0 32 0 0
54 147 0 0 98 1 0 98 4 4
56 49 0 0 0 0 0 0 0 0
58 49 0 0 0 0 0 0 0 0
61 49 0 0 49 0 0 0 0 0
fl=/build/eglibc-oD_LfC/eglibc-2.19/string/../sysdeps/i386/i686/multiarch/../memset.S
fn=memset
48 9 2 1 0 0 0 0 0 0
49 9 0 0 0 0 0 9 0 0
51 9 0 0 9 0 0 0 0 0
52 9 0 0 9 0 0 0 0 0
56 9 0 0 9 0 0 0 0 0
58 9 2 1 0 0 0 0 0 0
59 9 0 0 0 0 0 0 0 0
61 9 0 0 0 0 0 0 0 0
62 9 0 0 0 0 0 0 0 0
63 2 0 0 0 0 0 0 0 0
64 2 0 0 0 0 0 2 0 0
65 2 0 0 0 0 0 0 0 0
66 2 0 0 0 0 0 0 0 0
67 2 0 0 0 0 0 2 0 0
68 2 0 0 0 0 0 0 0 0
69 2 0 0 0 0 0 0 0 0
74 7 0 0 0 0 0 0 0 0
75 7 0 0 0 0 0 0 0 0
76 7 0 0 0 0 0 0 0 0
78 7 0 0 0 0 0 0 0 0
80 112 0 0 0 0 0 105 8 8
82 7 0 0 0 0 0 0 0 0
83 7 0 0 0 0 0 0 0 0
88 9 0 0 9 0 0 0 0 0
90 9 0 0 9 0 0 0 0 0
97 9 0 0 9 0 0 0 0 0
fl=/build/eglibc-oD_LfC/eglibc-2.19/string/../sysdeps/i386/i686/multiarch/../strcmp.S
fn=strcmp
30 210 1 1 210 0 0 0 0 0
31 210 0 0 210 0 0 0 0 0
33 1357 0 0 1357 19 15 0 0 0
34 1357 0 0 1357 5 4 0 0 0
35 1357 0 0 0 0 0 0 0 0
36 1264 0 0 0 0 0 0 0 0
37 1264 0 0 0 0 0 0 0 0
38 1264 0 0 0 0 0 0 0 0
39 1264 0 0 0 0 0 0 0 0
41 117 0 0 0 0 0 0 0 0
44 117 0 0 117 0 0 0 0 0
46 93 0 0 0 0 0 0 0 0
47 93 0 0 0 0 0 0 0 0
48 93 0 0 0 0 0 0 0 0
50 93 0 0 93 0 0 0 0 0
fl=/build/eglibc-oD_LfC/eglibc-2.19/string/../sysdeps/i386/i686/multiarch/memrchr.S
fn=memrchr
36 3 1 1 0 0 0 2 0 0
39 1 0 0 1 0 0 0 0 0
40 1 0 0 0 0 0 0 0 0
43 1 0 0 1 0 0 0 0 0
44 1 0 0 0 0 0 0 0 0
45 1 0 0 1 0 0 0 0 0
46 1 1 1 0 0 0 0 0 0
62 1 0 0 0 0 0 0 0 0
63 1 0 0 1 0 0 0 0 0
65 1 0 0 1 0 0 0 0 0
fl=/build/eglibc-oD_LfC/eglibc-2.19/string/../sysdeps/i386/i686/multiarch/strcat.S
fn=???
55 600088 1 1 600088 0 0 0 0 0
fl=/build/eglibc-oD_LfC/eglibc-2.19/string/../sysdeps/i386/i686/multiarch/strncase.S
fn=strncasecmp
27 3 1 1 0 0 0 2 0 0
31 1 0 0 1 0 0 0 0 0
32 1 0 0 0 0 0 0 0 0
34 1 0 0 0 0 0 0 0 0
35 1 0 0 1 0 0 0 0 0
36 1 0 0 0 0 0 0 0 0
37 1 0 0 0 0 0 0 0 0
38 1 0 0 1 0 0 0 0 0
39 1 0 0 0 0 0 0 0 0
43 1 1 1 1 0 0 0 0 0
46 1 0 0 1 0 0 0 0 0
fl=/build/eglibc-oD_LfC/eglibc-2.19/string/../sysdeps/i386/i686/multiarch/strnlen.S
fn=strnlen
28 3 1 1 0 0 0 2 0 0
32 1 0 0 1 1 1 0 0 0
33 1 0 0 0 0 0 0 0 0
34 1 0 0 0 0 0 1 0 0
35 1 0 0 0 0 0 0 0 0
36 1 0 0 1 0 0 0 0 0
37 1 0 0 0 0 0 0 0 0
38 1 1 1 0 0 0 0 0 0
39 1 0 0 1 0 0 0 0 0
42 1 0 0 1 0 0 0 0 0
fl=/build/eglibc-oD_LfC/eglibc-2.19/string/../sysdeps/x86_64/cacheinfo.c
fn=handle_intel
305 15 1 1 0 0 0 12 0 0
306 6 1 1 0 0 0 0 0 0
317 3 0 0 0 0 0 3 0 0
319 6 0 0 0 0 0 3 0 0
320 6 0 0 0 0 0 3 0 0
322 7 0 0 2 0 0 0 0 0
328 27 1 1 0 0 0 12 0 0
333 6 0 0 3 0 0 0 0 0
335 9 0 0 0 0 0 3 0 0
336 3 1 1 0 0 0 0 0 0
340 18 0 0 3 0 0 9 0 0
341 6 1 1 0 0 0 0 0 0
344 15 0 0 3 0 0 9 0 0
345 6 0 0 0 0 0 0 0 0
348 15 0 0 3 0 0 9 0 0
349 6 0 0 0 0 0 0 0 0
352 15 0 0 3 0 0 9 0 0
353 6 0 0 0 0 0 0 0 0
357 4 0 0 1 0 0 0 0 0
358 2 0 0 1 0 0 0 0 0
361 1 0 0 0 0 0 0 0 0
362 15 0 0 12 0 0 0 0 0
fn=init_cacheinfo
550 7 0 0 0 0 0 5 0 0
563 3 0 0 1 0 0 0 0 0
570 2 1 1 0 0 0 0 0 0
572 4 0 0 1 0 0 1 0 0
575 1 0 0 0 0 0 0 0 0
576 4 1 1 1 0 0 1 0 0
578 2 0 0 0 0 0 0 0 0
581 1 0 0 0 0 0 0 0 0
582 5 1 1 1 0 0 1 0 0
589 2 0 0 1 0 0 1 0 0
607 5 0 0 1 0 0 1 0 0
614 21 1 1 0 0 0 2 0 0
620 6 0 0 0 0 0 0 0 0
623 15 0 0 0 0 0 0 0 0
625 2 1 1 1 0 0 0 0 0
631 6 1 1 2 0 0 1 0 0
657 3 0 0 1 0 0 0 0 0
669 4 0 0 0 0 0 0 0 0
670 5 1 1 0 0 0 0 0 0
744 2 0 0 0 0 0 0 0 0
746 3 1 1 0 0 0 1 1 1
747 1 0 0 0 0 0 1 0 0
749 2 0 0 0 0 0 0 0 0
750 3 0 0 0 0 0 1 0 0
751 1 0 0 0 0 0 1 0 0
754 2 0 0 0 0 0 0 0 0
756 3 0 0 0 0 0 1 0 0
757 1 0 0 0 0 0 1 0 0
759 1 0 0 0 0 0 0 0 0
760 3 1 1 0 0 0 1 0 0
761 1 0 0 0 0 0 1 0 0
763 6 0 0 5 0 0 0 0 0
fn=intel_check_word
150 588 0 0 196 9 9 0 0 0
153 189 0 0 0 0 0 0 0 0
161 108 1 1 0 0 0 84 0 0
162 24 1 1 0 0 0 0 0 0
164 10 0 0 0 0 0 0 0 0
168 108 0 0 12 0 0 12 0 0
170 149 1 1 40 0 0 1 0 0
172 30 0 0 30 0 0 0 0 0
174 60 1 1 0 0 0 0 0 0
182 60 0 0 0 0 0 0 0 0
235 66 0 0 3 0 0 0 0 0
256 2 0 0 1 0 0 0 0 0
275 28 0 0 14 0 0 0 0 0
277 4 1 1 2 0 0 0 0 0
279 4 0 0 2 0 0 0 0 0
281 2 1 1 2 0 0 0 0 0
289 10 0 0 0 0 0 0 0 0
290 4 0 0 2 0 0 2 0 0
295 28 1 1 28 0 0 0 0 0
300 72 0 0 60 0 0 0 0 0
fl=/build/eglibc-oD_LfC/eglibc-2.19/wcsmbs/../sysdeps/i386/i686/multiarch/wcslen.S
fn=wcslen
28 3 1 1 0 0 0 2 0 0
32 1 0 0 1 0 0 0 0 0
33 1 0 0 0 0 0 0 0 0
35 1 0 0 0 0 0 0 0 0
36 1 0 0 1 0 0 0 0 0
37 1 0 0 0 0 0 0 0 0
38 1 1 1 0 0 0 0 0 0
39 1 0 0 1 0 0 0 0 0
42 1 0 0 1 0 0 0 0 0
fl=/home/tobias/Qualit-tssicherung/Examples/cachegrind/cachegrind_example.c
fn=main
5 4 1 1 0 0 0 1 0 0
6 1 0 0 0 0 0 1 0 0
8 5 0 0 1 0 0 3 0 0
10 1200013 1 1 300002 0 0 1 0 0
11 400000 0 0 100000 0 0 200000 0 0
12 600000 0 0 300000 0 0 100000 99180 58913
15 3 0 0 1 0 0 2 0 0
16 1 0 0 0 0 0 0 0 0
17 2 0 0 2 0 0 0 0 0
fl=???
fn=???
0 100265 24 21 100122 5 3 58 1 1
fn=__libc_csu_init
0 32 2 2 9 1 0 10 0 0
fn=__x86.get_pc_thunk.bx
0 6 0 0 6 0 0 0 0 0
fn=_dl_debug_initialize
0 1 0 0 0 0 0 0 0 0
fn=_dl_sysinfo_int80
0 5 1 1 2 0 0 0 0 0
summary: 10385449 780 767 4065232 1932 1612 2116628 99370 59089
